;GO:0036257;GO:1901624;GO:0048489;GO:0045893;GO:0035556;GO:0090502;GO:0007264;GO:0009967;GO:0006605;GO:0048010;GO:0018146;GO:0048096;GO:0034614;GO:0015711;GO:0090316;GO:0035023;GO:0043123;GO:0038096;GO:1903307;GO:1903428;GO:0000165;GO:0043491;GO:0070100;GO:0070588;GO:2000777;GO:0030520;GO:0035655;GO:0050852;GO:0090166;GO:1903435;GO:1990830;GO:0050900;GO:0050868;GO:0018108;GO:0032092;GO:1902991;GO:0006486;GO:0046777;GO:0000413;GO:0060326;GO:0006643;GO:0032925;GO:0032927;GO:0031398;GO:0051604;GO:0035879;GO:0016973;GO:0032402;GO:0007183;GO:0061762;GO:0007186;GO:0032482;GO:1901796;GO:0043312;GO:1990182;GO:0000302;GO:0006378;GO:0043316;GO:0060314;GO:0032515;GO:0051057;GO:0045860;GO:0010628;GO:0044375;GO:0050766;GO:0018105;GO:0006090;GO:0018107;GO:0072659;GO:0042759;GO:0044819;GO:0043320;GO:0006468;GO:1904716;GO:0045747;GO:0000122;GO:0000086;GO:0006977;GO:0000082;GO:0032465;GO:0010793;GO:0050776;GO:0022417;GO:0007169;GO:1903599;GO:0007166;GO:0006357;GO:1990000;GO:0030318;GO:0019370;GO:0019372;GO:0043066;GO:0010848;GO:0043065;GO:0031122;GO:0036413
GO:0036257;1.0;0.0;0.0;0.0;0.5239031880928888;0.32092641039065467;0.46815866028066616;0.0;0.0;0.44591105330956243;0.30050947687859925;0.4940312841167817;0.35873055205849386;0.0;0.0;0.0;0.0;0.4024070004238523;0.0;0.0;0.46648350824075624;0.4024070004238523;0.0;0.0;0.0;0.4024070004238523;0.4024070004238523;0.4024070004238523;0.5487390810203419;0.0;0.27784823988918267;0.5018179902505;0.0;0.30546502635565725;0.0;0.0;0.49787201858118535;0.3141251204646079;0.257732911673192;0.49257280580084467;0.4368360350254418;0.0;0.0;0.0;0.0;0.0;0.0;0.0;0.4940312841167817;0.4024070004238523;0.5147016835661022;0.4024070004238523;0.0;0.4024070004238523;0.4024070004238523;0.0;0.41923666540876925;0.4024070004238523;0.0;0.0;0.0;0.0;0.0;0.4517399907618527;0.0;0.3239698433804841;0.3522112313641311;0.3164392587035649;0.0;0.32833723484393346;0.41923666540876925;0.4024070004238523;0.38513801778438667;0.0;0.0;0.0;0.4024070004238523;0.4024070004238523;0.4024070004238523;0.0;0.0;0.0;0.4024070004238523;0.5075575273251529;0.0;0.5440055397770694;0.0;0.4517399907618527;0.42908138832464554;0.29187751349350416;0.2946779048740996;0.0;0.0;0.0;0.5536946304974;0.4940312841167817
GO:1901624;0.0;1.0;0.0;0.35740860354869686;0.3874024599335872;0.0;0.3316579321213646;0.4834341148751195;0.0;0.3094103251502608;0.0;0.2659062722645507;0.0;0.0;0.4127980195173481;0.3360235520640184;0.33763193655765517;0.3623763757131729;0.3832980121752156;0.2770919213720756;0.32998278008145465;0.2659062722645507;0.4164045348099594;0.0;0.2659062722645507;0.2659062722645507;0.2659062722645507;0.3623763757131729;0.0;0.31056141024936107;0.0;0.0;0.547014294776001;0.0;0.28772495427387357;0.2942840624933535;0.0;0.0;0.0;0.0;0.0;0.3867800053207573;0.32778721364177893;0.27412529718182854;0.0;0.0;0.0;0.0;0.0;0.2659062722645507;0.37820095540680065;0.2659062722645507;0.3966247282366336;0.0;0.0;0.0;0.0;0.0;0.3512470666990185;0.32973026196475147;0.35820439148884897;0.30480783367250547;0.3663019628162833;0.21498835234801905;0.3827937539781199;0.0;0.0;0.0;0.0;0.0;0.3424006043219671;0.0;0.0;0.23640626492241817;0.3432759524350472;0.4082477853760417;0.0;0.38517716952737435;0.0;0.36763140033015534;0.34140234378314227;0.5771381235423674;0.0;0.3710567991658512;0.2708618217416087;0.40750481161776786;0.37728212967244656;0.0;0.0;0.0;0.0;0.4345553635118412;0.2118481364286336;0.34671779941002406;0.0;0.0
GO:0048489;0.0;0.0;1.0;0.0;0.0;0.0;0.0;0.0;0.696311135369468;0.0;0.0;0.0;0.0;0.6057666509754216;0.0;0.0;0.0;0.0;0.0;0.0;0.0;0.0;0.0;0.4662120326468492;0.0;0.0;0.0;0.0;0.0;0.0;0.0;0.0;0.0;0.0;0.0;0.0;0.0;0.0;0.0;0.0;0.0;0.0;0.0;0.0;0.0;0.41155050070029947;0.6261326945829646;0.7240690918683019;0.0;0.0;0.0;0.0;0.0;0.6543811743147829;0.6543811743147829;0.0;0.0;0.6543811743147829;0.0;0.0;0.0;0.0;0.0;0.0;0.0;0.0;0.0;0.0;0.5330518190614648;0.0;0.0;0.6543811743147829;0.0;0.0;0.0;0.0;0.0;0.0;0.0;0.0;0.0;0.0;0.0;0.0;0.0;0.0;0.0;0.0;0.0;0.0;0.0;0.0;0.0;0.0;0.0;0.0
GO:0045893;0.0;0.35740860354869686;0.0;1.0;0.49904534749446794;0.0;0.42598588284685013;0.596860958126219;0.0;0.40373827587574634;0.0;0.7771001378284683;0.0;0.0;0.5103572852327256;0.3570202015911279;0.4469174622365105;0.40067569010596343;0.4929796762615719;0.5835734076427834;0.42431073080694015;0.36023422299003627;0.3475638806328206;0.0;0.48422497745424614;0.36023422299003627;0.36023422299003627;0.40067569010596343;0.0;0.4202430743357174;0.0;0.0;0.4209000210248961;0.0;0.3820529049993591;0.5463721624452214;0.0;0.0;0.0;0.0;0.0;0.405079202067395;0.4370727393206343;0.5638170750428362;0.0;0.0;0.0;0.0;0.0;0.36023422299003627;0.48984384296768135;0.36023422299003627;0.41492392498327124;0.0;0.0;0.0;0.0;0.0;0.35740860354869686;0.44460280556083565;0.4674899171677044;0.5944996115335133;0.8867531968874688;0.3093163030735046;0.4957790863510071;0.0;0.0;0.0;0.0;0.0;0.37706388797495316;0.0;0.0;0.5438312076445704;0.4543876761560295;0.71753415703748;0.0;0.457188067536625;0.0;0.4792742878910361;0.6068312712585104;0.5162374886157458;0.0;0.4653847498913367;0.5297081388208734;0.5191476991786486;0.8025357303101776;0.0;0.0;0.0;0.0;0.453729908371559;0.3179429296351073;0.5305546088233233;0.0;0.0
GO:0035556;0.5239031880928888;0.3874024599335872;0.0;0.49904534749446794;1.0;0.4255929330747742;0.8423579486425243;0.5600071928127123;0.0;0.683537239094731;0.4051759995627188;0.5222318257683712;0.4633970747426134;0.0;0.45394247831100015;0.3998053439888147;0.4047173967689824;0.6400331862090207;0.4704096671595561;0.4243474531344948;0.8406827966026144;0.7766062887857105;0.3948726738531061;0.0;0.5222318257683712;0.6400331862090207;0.6400331862090207;0.6400331862090207;0.5070735231079719;0.3976730652337016;0.38251476257330225;0.6064845129346196;0.46820881424518157;0.41013154903977683;0.448991754585157;0.42190953789026026;0.6025385412653048;0.41879164314872747;0.36239943435731153;0.5972393284849642;0.5415025577095613;0.45800678310432863;0.3948726738531061;0.42300523278598895;0.0;0.0;0.0;0.0;0.5070735231079719;0.7170000585953863;0.7523278693512707;0.7170000585953863;0.46785150602020487;0.5070735231079719;0.5070735231079719;0.0;0.5239031880928888;0.5070735231079719;0.4047173967689824;0.39438740200262784;0.4252898517001762;0.4536877692766659;0.4939274382131901;0.4319785541243794;0.45589414041359616;0.4286363660646037;0.45687775404825065;0.4211057813876844;0.0;0.433003757528053;0.5390614907532881;0.5070735231079719;0.48980454046850624;0.3976730652337016;0.4145027302186185;0.4588936568650539;0.5070735231079719;0.7170000585953863;0.5070735231079719;0.5488619848503834;0.3784054850045501;0.5590226310134325;0.5070735231079719;0.7451837131103213;0.4252898517001762;0.7816317255622379;0.5189188736182175;0.4319785541243794;0.5337479110087651;0.3965440361776237;0.39934442755821914;0.5066574894084926;0.360728072032794;0.5079845997213075;0.4792253969563664;0.5070735231079719
GO:0090502;0.32092641039065467;0.0;0.0;0.0;0.4255929330747742;1.0;0.3698484052625516;0.0;0.0;0.3476007982914478;0.3795900813161621;0.3040967454057377;0.3200265272307033;0.0;0.0;0.0;0.0;0.3040967454057377;0.0;0.0;0.44366658913306606;0.3040967454057377;0.0;0.0;0.0;0.3040967454057377;0.3040967454057377;0.3040967454057377;0.3040967454057377;0.0;0.2500386095698206;0.4035077352323854;0.0;0.4113481853548808;0.0;0.0;0.5346613296638194;0.4200082794638314;0.36691973895894653;0.3942625507827301;0.46195659519230875;0.0;0.0;0.0;0.5409214395720909;0.0;0.0;0.0;0.3040967454057377;0.3040967454057377;0.41639142854798766;0.3040967454057377;0.0;0.3040967454057377;0.3040967454057377;0.0;0.5548245842803896;0.3040967454057377;0.0;0.0;0.0;0.0;0.0;0.2745967380636052;0.0;0.4298530023797077;0.40170336977753934;0.4223224177027884;0.0;0.38743284776860926;0.32092641039065467;0.3040967454057377;0.48687985921136606;0.0;0.0;0.0;0.3040967454057377;0.3040967454057377;0.3040967454057377;0.0;0.0;0.0;0.4391963115064863;0.4092472723070382;0.0;0.44569528475895487;0.0;0.4165350745170697;0.3307711333065309;0.35538092045577657;0.36926225659204376;0.0;0.0;0.0;0.3218435808955922;0.3795900813161621
GO:0007264;0.46815866028066616;0.3316579321213646;0.0;0.42598588284685013;0.8423579486425243;0.3698484052625516;1.0;0.4816014280110731;0.0;0.6277927112825084;0.3494314717504962;0.4664872979561486;0.40765254693039077;0.0;0.39819795049877754;0.3285720773833238;0.3316579321213646;0.5842886583967981;0.3950350829818211;0.3489728689567598;0.7253320386000676;0.6612555307831637;0.3218132092054883;0.0;0.4664872979561486;0.5842886583967981;0.5842886583967981;0.5842886583967981;0.45132899529574927;0.3222984810559666;0.32677023476107964;0.550739985122397;0.39514934959756376;0.3543870212275542;0.3932472267729344;0.36616501007803764;0.5467940134530822;0.36304711533650486;0.3066549065450889;0.5414948006727416;0.48575802989733874;0.3826321989265936;0.3218132092054883;0.35177196618049805;0.0;0.0;0.0;0.0;0.45132899529574927;0.6612555307831637;0.6965833415390481;0.7727445864076089;0.39247692184246985;0.45132899529574927;0.45132899529574927;0.0;0.46815866028066616;0.45132899529574927;0.3316579321213646;0.33864287419040523;0.3522303870525584;0.39794324146444326;0.4381829104009675;0.3762340263121568;0.38051955623586114;0.3728918382523811;0.40113322623602804;0.3653612535754618;0.0;0.37725922971583037;0.4833169629410655;0.45132899529574927;0.43406001265628363;0.3222984810559666;0.3391281460408835;0.387660390259563;0.45132899529574927;0.6612555307831637;0.45132899529574927;0.4663149024765002;0.3226609571923275;0.5032781032012099;0.45132899529574927;0.6894391852980987;0.3522303870525584;0.7258871977500152;0.4458594089705998;0.3762340263121568;0.47800338319654245;0.34079950836540107;0.34359989974599653;0.43128290523075763;0.2894948054273031;0.4326100155435725;0.4234808691441438;0.45132899529574927
GO:0009967;0.0;0.4834341148751195;0.0;0.596860958126219;0.5600071928127123;0.0;0.4816014280110731;1.0;0.0;0.4593538210399693;0.0;0.47585861949994035;0.0;0.0;0.578491628747118;0.5798587277346314;0.7254977435756218;0.5272754881230235;0.5712564584152114;0.5251942443901501;0.4799262759711631;0.4158497681542592;0.5844136753251883;0.0;0.47585861949994035;0.4158497681542592;0.4158497681542592;0.5272754881230235;0.0;0.4985198564893569;0.0;0.0;0.469070580330344;0.0;0.430223464304807;0.4400862408108179;0.0;0.0;0.0;0.0;0.0;0.6607214038395619;0.7156530206597456;0.5185057238876228;0.0;0.0;0.0;0.0;0.0;0.4158497681542592;0.5508056882859257;0.4158497681542592;0.6705661267554381;0.0;0.0;0.0;0.0;0.0;0.5942583982410645;0.3970753661299171;0.7460701985068157;0.5318733235429046;0.6113040904531598;0.3574868623789525;0.5567409316692514;0.0;0.0;0.0;0.0;0.0;0.4326794331391761;0.0;0.0;0.4985198564893569;0.7752592508500697;0.4615816209923432;0.0;0.5253224110510175;0.0;0.5402361332092804;0.39658218792510774;0.7138127681584497;0.0;0.5210002950555597;0.5231054623319273;0.5801095444968929;0.51978063970338;0.0;0.0;0.0;0.0;0.5052041359635379;0.36341603616008333;0.6088313909769628;0.0;0.0
GO:0006605;0.0;0.0;0.696311135369468;0.0;0.0;0.0;0.0;0.0;1.0;0.0;0.0;0.0;0.0;0.6124212001312576;0.0;0.0;0.0;0.0;0.0;0.0;0.0;0.0;0.0;0.4608544614180627;0.0;0.0;0.0;0.0;0.0;0.0;0.0;0.0;0.0;0.0;0.0;0.0;0.0;0.0;0.0;0.0;0.0;0.0;0.0;0.0;0.0;0.4276926675824007;0.6380900601895734;0.6380900601895734;0.0;0.0;0.0;0.0;0.0;0.5508670182221733;0.5508670182221733;0.0;0.0;0.5508670182221733;0.0;0.0;0.0;0.0;0.0;0.0;0.0;0.0;0.0;0.0;0.5878419076269334;0.0;0.0;0.5508670182221733;0.0;0.0;0.0;0.0;0.0;0.0;0.0;0.0;0.0;0.0;0.0;0.0;0.0;0.0;0.0;0.0;0.0;0.0;0.0;0.0;0.0;0.0;0.0;0.0
GO:0048010;0.44591105330956243;0.3094103251502608;0.0;0.40373827587574634;0.683537239094731;0.3476007982914478;0.6277927112825084;0.4593538210399693;0.0;1.0;0.3271838647793925;0.4442396909850449;0.385404939959287;0.0;0.3759503435276738;0.30632447041222;0.3094103251502608;0.5988032204436986;0.3554725391753222;0.326725261985656;0.6261175592425983;0.5620410514256944;0.29956560223438455;0.0;0.4442396909850449;0.5620410514256944;0.5988032204436986;0.5988032204436986;0.42908138832464554;0.28273593724946766;0.3045226277899759;0.5284923781512931;0.37290174262646003;0.3321394142564505;0.37099961980183066;0.3439174031069339;0.5245464064819785;0.34079950836540107;0.2844072995739852;0.5192471937016379;0.46351042292623496;0.3603845919554899;0.29956560223438455;0.31551309066053;0.0;0.0;0.0;0.0;0.42908138832464554;0.5620410514256944;0.6743357345679444;0.5620410514256944;0.3702293148713661;0.42908138832464554;0.42908138832464554;0.0;0.44591105330956243;0.42908138832464554;0.3094103251502608;0.31639526721930145;0.32998278008145465;0.37569563449333954;0.41593530342986373;0.35398641934105307;0.35827194926475736;0.35064423128127736;0.3788856192649243;0.343113646604358;0.0;0.3550116227447266;0.4610693559699618;0.42908138832464554;0.41181240568517985;0.28273593724946766;0.31688053906977975;0.3654127832884592;0.42908138832464554;0.5620410514256944;0.42908138832464554;0.4214060585159799;0.3004133502212238;0.48103049623010613;0.42908138832464554;0.8364560024391565;0.31449404128818637;0.7404017597969157;0.423611801999496;0.35398641934105307;0.45575577622543867;0.3185519013942973;0.3213522927748928;0.3917203614242587;0.2532359299073351;0.39304747173707355;0.40123326217304006;0.42908138832464554
GO:0018146;0.30050947687859925;0.0;0.0;0.0;0.4051759995627188;0.3795900813161621;0.3494314717504962;0.0;0.0;0.3271838647793925;1.0;0.28367981189368235;0.2822946568832527;0.0;0.0;0.0;0.0;0.28367981189368235;0.0;0.0;0.42324965562101063;0.28367981189368235;0.0;0.0;0.0;0.28367981189368235;0.28367981189368235;0.28367981189368235;0.28367981189368235;0.0;0.20858484291008988;0.3604295647309135;0.0;0.34681376044576956;0.0;0.0;0.48144072052310033;0.3554738545547202;0.3009078438054312;0.3738456172706747;0.4263173993523376;0.0;0.0;0.0;0.4608982758697114;0.0;0.0;0.0;0.28367981189368235;0.28367981189368235;0.3959744950359323;0.28367981189368235;0.0;0.2610185749042658;0.2610185749042658;0.0;0.37600281278902364;0.2610185749042658;0.0;0.0;0.0;0.0;0.0;0.24138851853875337;0.0;0.36531857747059643;0.49078747099297787;0.3577879927936771;0.0;0.4049921247523388;0.30050947687859925;0.2610185749042658;0.42417163234438177;0.0;0.0;0.0;0.28367981189368235;0.28367981189368235;0.28367981189368235;0.0;0.0;0.0;0.35917314780410675;0.38883033879498285;0.0;0.42527835124689944;0.0;0.3365119108146902;0.28769296280505896;0.4077925161329343;0.41362408813743395;0.0;0.0;0.0;0.28863536137074036;0.35917314780410675
GO:0048096;0.4940312841167817;0.2659062722645507;0.0;0.7771001378284683;0.5222318257683712;0.3040967454057377;0.4664872979561486;0.47585861949994035;0.0;0.4442396909850449;0.28367981189368235;1.0;0.3419008870735769;0.0;0.3893549466064468;0.2628204175265099;0.32591512361023184;0.44117710521526193;0.37197733763529317;0.4399098320270882;0.46481214591623865;0.40073563809933477;0.2560615493486744;0.0;0.5247263925635446;0.40073563809933477;0.40073563809933477;0.44117710521526193;0.4772016191318648;0.29924073570943865;0.2610185749042658;0.4849883252655831;0.3293976897407499;0.28863536137074036;0.32749556691612053;0.40270858682952604;0.4810423535962684;0.297295455479691;0.24090324668827506;0.4757431408159278;0.4200063700405249;0.31688053906977975;0.31607040069435555;0.42549979958116235;0.0;0.0;0.0;0.0;0.4772016191318648;0.40073563809933477;0.5130303212415848;0.40073563809933477;0.326725261985656;0.3855773354389354;0.3855773354389354;0.0;0.4024070004238523;0.3855773354389354;0.2659062722645507;0.33908920572782525;0.34648757854142564;0.4561823360718393;0.7061446280708659;0.43491032577693584;0.3747767477247284;0.30714017839556723;0.3353815663792142;0.2996095937186479;0.0;0.3115075698590165;0.41756530308425166;0.3855773354389354;0.3683083527994698;0.400167632028875;0.33338533752975075;0.5637281427825378;0.3855773354389354;0.4607444894450159;0.3855773354389354;0.37790200563026977;0.45302525700356816;0.43752644334439605;0.3855773354389354;0.5058861650006352;0.3913908633591995;0.5423341774525519;0.6392420983289698;0.43491032577693584;0.4122517233397286;0.2750478485085872;0.27784823988918267;0.34821630853854857;0.209731877021625;0.40955227019704454;0.4821571686089228;0.584472835391554
GO:0034614;0.35873055205849386;0.0;0.0;0.0;0.4633970747426134;0.3200265272307033;0.40765254693039077;0.0;0.0;0.385404939959287;0.2822946568832527;0.3419008870735769;1.0;0.0;0.0;0.0;0.0;0.3419008870735769;0.0;0.0;0.40597739489048085;0.3419008870735769;0.0;0.0;0.0;0.3419008870735769;0.3419008870735769;0.3419008870735769;0.3419008870735769;0.0;0.495630655867265;0.41865063991080803;0.0;0.3000414923731072;0.0;0.0;0.43736590523090996;0.30870158648205775;0.2568330285132407;0.4320666924505693;0.40913359730382987;0.0;0.0;0.0;0.0;0.0;0.0;0.0;0.3419008870735769;0.3419008870735769;0.45419557021582685;0.3419008870735769;0.0;0.31923965008416033;0.31923965008416033;0.8835869497087869;0.3360693150690773;0.31923965008416033;0.0;0.0;0.0;0.0;0.0;0.2996095937186479;0.0;0.31854630939793405;0.34678769738158105;0.31101572472101474;0.0;0.31729491304473517;0.35873055205849386;0.31923965008416033;0.3740956959851884;0.0;0.0;0.0;0.3419008870735769;0.5763294514470103;0.3419008870735769;0.0;0.0;0.0;0.31923965008416033;0.4470514139748774;0.0;0.48349942642679405;0.0;0.2996095937186479;0.3459140379849535;0.286453979510954;0.26962431452603713;0.0;0.0;0.0;0.3468564365506349;0.3419008870735769
GO:0015711;0.0;0.0;0.6057666509754216;0.0;0.0;0.0;0.0;0.0;0.6124212001312576;0.0;0.0;0.0;0.0;1.0;0.0;0.0;0.0;0.0;0.0;0.0;0.0;0.0;0.0;0.6157038960561554;0.0;0.0;0.0;0.0;0.0;0.0;0.0;0.0;0.0;0.0;0.0;0.0;0.0;0.0;0.0;0.0;0.0;0.0;0.0;0.0;0.0;0.6382789749222977;0.6441402828900074;0.5207430212338666;0.0;0.0;0.0;0.0;0.0;0.49808178424445;0.5207430212338666;0.0;0.0;0.49808178424445;0.0;0.0;0.0;0.0;0.0;0.0;0.0;0.0;0.0;0.0;0.4849886623600212;0.0;0.0;0.49808178424445;0.0;0.0;0.0;0.0;0.0;0.0;0.0;0.0;0.0;0.0;0.0;0.0;0.0;0.0;0.0;0.0;0.0;0.0;0.0;0.0;0.0;0.0;0.0;0.0
GO:0090316;0.0;0.4127980195173481;0.0;0.5103572852327256;0.45394247831100015;0.0;0.39819795049877754;0.578491628747118;0.0;0.3759503435276738;0.0;0.3893549466064468;0.0;0.0;1.0;0.31908983060380847;0.41602933450724;0.3893549466064468;0.568343033004996;0.4386905714966566;0.39652279845886756;0.3324462906419637;0.31233096242597297;0.0;0.3893549466064468;0.3324462906419637;0.3324462906419637;0.3893549466064468;0.0;0.4956064310791415;0.0;0.0;0.38566710281804845;0.0;0.36328717564106744;0.3731499521470783;0.0;0.0;0.0;0.0;0.0;0.3731499521470783;0.4061846115913637;0.41468711415873416;0.0;0.0;0.0;0.0;0.0;0.3324462906419637;0.4447409737842136;0.3324462906419637;0.38299467506295454;0.0;0.0;0.0;0.0;0.0;0.5146742922043666;0.2996606200687574;0.4366017894384338;0.4298809118561428;0.5443678017894202;0.2905505737152129;0.6032912978101133;0.0;0.0;0.0;0.0;0.0;0.3492759556268806;0.0;0.0;0.3893549466064468;0.4288458485807803;0.3781781434800477;0.0;0.438818738157524;0.0;0.4341714187075683;0.6845799825531185;0.5102630452702506;0.0;0.4375968175432642;0.4169717330729214;0.47404482999518077;0.43637716219108447;0.0;0.0;0.0;0.0;0.4044857216158471;0.26600129009892354;0.4996664810940527;0.0;0.0
GO:0035023;0.0;0.3360235520640184;0.0;0.3570202015911279;0.3998053439888147;0.0;0.3285720773833238;0.5798587277346314;0.0;0.30632447041222;0.0;0.2628204175265099;0.0;0.0;0.31908983060380847;1.0;0.5270201233919278;0.3233604327120895;0.3215457509035002;0.27548353687843885;0.32689692534341386;0.2628204175265099;0.4147242087750253;0.0;0.2628204175265099;0.2628204175265099;0.2628204175265099;0.3233604327120895;0.0;0.24880914897764567;0.0;0.0;0.3261836683418416;0.0;0.2873365523163046;0.2926756779997167;0.0;0.0;0.0;0.0;0.0;0.4778583180262478;0.4147242087750253;0.28652818123705603;0.0;0.0;0.0;0.0;0.0;0.2628204175265099;0.39060383946202815;0.2628204175265099;0.5973267308392984;0.0;0.0;0.0;0.0;0.0;0.5270201233919278;0.2579103504536949;0.7224827402927423;0.30631632321930463;0.36469357832264654;0.2145999503904501;0.3070302241575402;0.0;0.0;0.0;0.0;0.0;0.27965008251142687;0.0;0.0;0.24880914897764567;0.4343542651405377;0.32241660531612093;0.0;0.2956240931551734;0.0;0.38003428438538284;0.24917162511400665;0.5309496823451356;0.0;0.3679709444278104;0.2832647057968362;0.41990769567299535;0.3768937277148776;0.0;0.0;0.0;0.0;0.3577935731524367;0.22425102048386109;0.35912068346525156;0.0;0.0
GO:0043123;0.0;0.33763193655765517;0.0;0.4469174622365105;0.4047173967689824;0.0;0.3316579321213646;0.7254977435756218;0.0;0.3094103251502608;0.0;0.32591512361023184;0.0;0.0;0.41602933450724;0.5270201233919278;1.0;0.377331992233315;0.41596666237148155;0.3699044483464202;0.32998278008145465;0.2659062722645507;0.4219513810853102;0.0;0.32591512361023184;0.2659062722645507;0.2659062722645507;0.377331992233315;0.0;0.34323006044562704;0.0;0.0;0.32657207029941054;0.0;0.28772495427387357;0.2942840624933535;0.0;0.0;0.0;0.0;0.0;0.48811667096043687;0.5275595489873524;0.3727035455701585;0.0;0.0;0.0;0.0;0.0;0.2659062722645507;0.39551589224219585;0.2659062722645507;0.6177275224127345;0.0;0.0;0.0;0.0;0.0;0.5414197938983609;0.25727430887945557;0.6897707756994211;0.3893748135119712;0.4560142944094299;0.21498835234801905;0.4014511356255216;0.0;0.0;0.0;0.0;0.0;0.28273593724946766;0.0;0.0;0.34323006044562704;0.5603632246160157;0.3217805637418816;0.0;0.36286011681113944;0.0;0.38494633716555055;0.2507800096076434;0.5412080352793247;0.0;0.3710567991658512;0.37316196644221883;0.42481974845316306;0.37728212967244656;0.0;0.0;0.0;0.0;0.35940195764607347;0.22361497890962173;0.4535415949332329;0.0;0.0
GO:0038096;0.4024070004238523;0.3623763757131729;0.0;0.40067569010596343;0.6400331862090207;0.3040967454057377;0.5842886583967981;0.5272754881230235;0.0;0.5988032204436986;0.28367981189368235;0.44117710521526193;0.3419008870735769;0.0;0.3893549466064468;0.3233604327120895;0.377331992233315;1.0;0.3524099534055392;0.3236626762158731;0.5826135063568882;0.5185369985399844;0.316601564534254;0.0;0.44117710521526193;0.5185369985399844;0.5552991675579886;0.710343230630615;0.3855773354389354;0.2796733514796847;0.2610185749042658;0.6295072830436976;0.42586779318937207;0.28863536137074036;0.32749556691612053;0.3004133502212238;0.4810423535962684;0.297295455479691;0.24090324668827506;0.4757431408159278;0.4200063700405249;0.3774205542553593;0.3674872693174387;0.3124505048907471;0.0;0.0;0.0;0.0;0.3855773354389354;0.5185369985399844;0.6308316816822342;0.5185369985399844;0.38726527717123554;0.5988774596618195;0.3855773354389354;0.0;0.4024070004238523;0.5988774596618195;0.32644628745013027;0.27289121433359137;0.3979044471645088;0.37263304872355657;0.4293399065086368;0.31048236645534294;0.35520936349497445;0.30714017839556723;0.3353815663792142;0.2996095937186479;0.0;0.3115075698590165;0.41756530308425166;0.5988774596618195;0.3683083527994698;0.2796733514796847;0.3848022061528339;0.32190873040274914;0.3855773354389354;0.5185369985399844;0.3855773354389354;0.37790200563026977;0.25690929733551365;0.6082457596419599;0.3855773354389354;0.660449694459289;0.3114314555184034;0.6968977069112057;0.3801077491137859;0.31048236645534294;0.4122517233397286;0.2750478485085872;0.27784823988918267;0.34821630853854857;0.209731877021625;0.3899848859672906;0.35772920928732993;0.3855773354389354
GO:1903307;0.0;0.3832980121752156;0.0;0.4929796762615719;0.4704096671595561;0.0;0.3950350829818211;0.5712564584152114;0.0;0.3554725391753222;0.0;0.37197733763529317;0.0;0.0;0.568343033004996;0.3215457509035002;0.41596666237148155;0.3524099534055392;1.0;0.43559671873699396;0.39335993094191113;0.32928342312500725;0.31330941248126065;0.0;0.37197733763529317;0.31196848628961205;0.31196848628961205;0.3524099534055392;0.0;0.7569060824791894;0.0;0.0;0.38664555287333613;0.0;0.3337871682989349;0.3403462765184148;0.0;0.0;0.0;0.0;0.0;0.37230220416023907;0.40612193945560526;0.4342544983884881;0.0;0.0;0.0;0.0;0.0;0.32928342312500725;0.4612081626327696;0.31196848628961205;0.3821469270761153;0.0;0.0;0.0;0.0;0.0;0.41375185201123127;0.31612780891731335;0.43653911730267536;0.44944829608589676;0.5020765084344914;0.2610505663730804;0.5873658893458555;0.0;0.0;0.0;0.0;0.0;0.32879815127452894;0.0;0.0;0.4089223308362008;0.42575199582111767;0.3806340637797394;0.0;0.43158356782561735;0.0;0.4506386075561243;0.43671080472401846;0.4679717519153216;0.0;0.41711901319091255;0.43653911730267536;0.49051201884373674;0.43735561224637215;0.0;0.0;0.0;0.0;0.4209529104644031;0.2824684789474795;0.5192338653238067;0.0;0.0
GO:1903428;0.0;0.2770919213720756;0.0;0.5835734076427834;0.4243474531344948;0.0;0.3489728689567598;0.5251942443901501;0.0;0.326725261985656;0.0;0.4399098320270882;0.0;0.0;0.4386905714966566;0.27548353687843885;0.3699044483464202;0.3236626762158731;0.43559671873699396;1.0;0.34729771691684985;0.2832212090999459;0.2672471984561994;0.0;0.3881333452634009;0.2832212090999459;0.2832212090999459;0.3236626762158731;0.0;0.36286011681113944;0.0;0.0;0.3405833388482748;0.0;0.3017362228227378;0.4064068644990062;0.0;0.0;0.0;0.0;0.0;0.32623999013517774;0.360059725430544;0.47004056238210823;0.0;0.0;0.0;0.0;0.0;0.2832212090999459;0.41514594860770826;0.2832212090999459;0.33608471305105403;0.0;0.0;0.0;0.0;0.0;0.2770919213720756;0.34936843297024184;0.39047690327761403;0.48109304250727275;0.5838820211449718;0.2289996208968833;0.421081191991034;0.0;0.0;0.0;0.0;0.0;0.30005087408486286;0.0;0.0;0.45722719317999044;0.3796897817960564;0.4607308206076486;0.0;0.385521353800556;0.0;0.40457639353106295;0.36290281161329613;0.44153959425577266;0.0;0.3883717360012464;0.47767148145031685;0.44444980481867546;0.5230711568909295;0.0;0.0;0.0;0.0;0.37489069643934175;0.23640626492241817;0.47317165129874533;0.0;0.0
GO:0000165;0.46648350824075624;0.32998278008145465;0.0;0.42431073080694015;0.8406827966026144;0.44366658913306606;0.7253320386000676;0.4799262759711631;0.0;0.6261175592425983;0.42324965562101063;0.46481214591623865;0.40597739489048085;0.0;0.39652279845886756;0.32689692534341386;0.32998278008145465;0.5826135063568882;0.39335993094191113;0.34729771691684985;1.0;0.6595803787432537;0.32013805716557836;0.0;0.46481214591623865;0.5826135063568882;0.5826135063568882;0.5826135063568882;0.4496538432558393;0.3206233290160566;0.32509508272116966;0.549064833082487;0.3934741975576538;0.6929487477679768;0.3915720747330244;0.36448985803812767;0.6674434408903838;0.7016088418769273;0.464249327183298;0.5398196486328317;0.5324187240588178;0.38095704688668364;0.32013805716557836;0.35009681414058813;0.661481802278357;0.0;0.0;0.0;0.4496538432558393;0.6595803787432537;0.6949081894991382;0.6595803787432537;0.39080176980255993;0.4496538432558393;0.4496538432558393;0.0;0.5419768441511806;0.4496538432558393;0.32998278008145465;0.3369677221504953;0.3505552350126484;0.3962680894245333;0.43650775836105754;0.3745588742722468;0.3788444041959512;0.7114535647928035;0.4325716580695914;0.7039229801158844;0.0;0.42391992387730953;0.4816418109011556;0.4496538432558393;0.7952829761861226;0.3206233290160566;0.33745299400097356;0.385985238219653;0.4496538432558393;0.6595803787432537;0.4496538432558393;0.4646397504365902;0.3209858051524176;0.5016029511613;0.5597566742127523;0.6877640332581887;0.3505552350126484;0.7242120457101053;0.44418425693068986;0.48466170522915986;0.47632823115663253;0.37223794019896445;0.3902605939074757;0.42960775319084765;0.2878196533873931;0.4309348635036625;0.4218057171042338;0.5719784227330507
GO:0043491;0.4024070004238523;0.2659062722645507;0.0;0.36023422299003627;0.7766062887857105;0.3040967454057377;0.6612555307831637;0.4158497681542592;0.0;0.5620410514256944;0.28367981189368235;0.40073563809933477;0.3419008870735769;0.0;0.3324462906419637;0.2628204175265099;0.2659062722645507;0.5185369985399844;0.32928342312500725;0.2832212090999459;0.6595803787432537;1.0;0.2560615493486744;0.0;0.40073563809933477;0.5185369985399844;0.5185369985399844;0.5185369985399844;0.3855773354389354;0.25654682119915273;0.2610185749042658;0.4849883252655831;0.3293976897407499;0.28863536137074036;0.32749556691612053;0.3004133502212238;0.4810423535962684;0.297295455479691;0.24090324668827506;0.4757431408159278;0.4200063700405249;0.31688053906977975;0.2560615493486744;0.2860203063236842;0.0;0.0;0.0;0.0;0.3855773354389354;0.5955038709263498;0.6308316816822342;0.5955038709263498;0.326725261985656;0.3855773354389354;0.3855773354389354;0.0;0.4024070004238523;0.3855773354389354;0.2659062722645507;0.27289121433359137;0.2864787271957445;0.3321915816076294;0.37243125054415366;0.31048236645534294;0.3147678963790473;0.30714017839556723;0.3353815663792142;0.2996095937186479;0.0;0.3115075698590165;0.41756530308425166;0.3855773354389354;0.3683083527994698;0.25654682119915273;0.2733764861840696;0.32190873040274914;0.3855773354389354;0.5955038709263498;0.3855773354389354;0.40056324261968634;0.25690929733551365;0.43752644334439605;0.3855773354389354;0.6236875254412848;0.2864787271957445;0.6601355378932015;0.3801077491137859;0.31048236645534294;0.4122517233397286;0.2750478485085872;0.27784823988918267;0.36553124537394377;0.22374314557048924;0.3668583556867586;0.35772920928732993;0.3855773354389354
GO:0070100;0.0;0.4164045348099594;0.0;0.3475638806328206;0.3948726738531061;0.0;0.3218132092054883;0.5844136753251883;0.0;0.29956560223438455;0.0;0.2560615493486744;0.0;0.0;0.31233096242597297;0.4147242087750253;0.4219513810853102;0.316601564534254;0.31330941248126065;0.2672471984561994;0.32013805716557836;0.2560615493486744;1.0;0.0;0.2560615493486744;0.2560615493486744;0.2560615493486744;0.316601564534254;0.0;0.24057281055540614;0.0;0.0;0.40589202179816625;0.0;0.2778802313579973;0.2844393395774772;0.0;0.0;0.0;0.0;0.0;0.4782719480445606;0.4121066581694339;0.27604741674694044;0.0;0.0;0.0;0.0;0.0;0.2560615493486744;0.3856711693263196;0.2560615493486744;0.48811667096043687;0.0;0.0;0.0;0.0;0.0;0.4219513810853102;0.3338968075977395;0.44252383601650397;0.2949631107566292;0.35645723990040706;0.20514362943214276;0.29879388573530075;0.0;0.0;0.0;0.0;0.0;0.3325558814060908;0.0;0.0;0.24057281055540614;0.4347678951588505;0.3984030624601655;0.0;0.37533244661149806;0.0;0.37510161424967425;0.24093528669176711;0.5313633123634485;0.0;0.361212076249975;0.2738083848385289;0.41497502553728677;0.36743740675657033;0.0;0.0;0.0;0.0;0.4420255774313601;0.21377025599374544;0.350884345043012;0.0;0.0
GO:0070588;0.0;0.0;0.4662120326468492;0.0;0.0;0.0;0.0;0.0;0.4608544614180627;0.0;0.0;0.0;0.0;0.6157038960561554;0.0;0.0;0.0;0.0;0.0;0.0;0.0;0.0;0.0;1.0;0.0;0.0;0.0;0.0;0.0;0.0;0.0;0.0;0.0;0.0;0.0;0.0;0.0;0.0;0.0;0.0;0.0;0.0;0.0;0.0;0.0;0.506632814181256;0.42762101383246703;0.39067602063155943;0.0;0.0;0.0;0.0;0.0;0.37518728183829114;0.39067602063155943;0.0;0.0;0.37518728183829114;0.0;0.0;0.0;0.0;0.0;0.0;0.0;0.0;0.0;0.0;0.3759584949053894;0.0;0.0;0.37518728183829114;0.0;0.0;0.0;0.0;0.0;0.0;0.0;0.0;0.0;0.0;0.0;0.0;0.0;0.0;0.0;0.0;0.0;0.0;0.0;0.0;0.0;0.0;0.0;0.0
GO:2000777;0.0;0.2659062722645507;0.0;0.48422497745424614;0.5222318257683712;0.0;0.4664872979561486;0.47585861949994035;0.0;0.4442396909850449;0.0;0.5247263925635446;0.0;0.0;0.3893549466064468;0.2628204175265099;0.32591512361023184;0.44117710521526193;0.37197733763529317;0.3881333452634009;0.46481214591623865;0.40073563809933477;0.2560615493486744;0.0;1.0;0.40073563809933477;0.40073563809933477;0.44117710521526193;0.0;0.29924073570943865;0.0;0.0;0.3293976897407499;0.0;0.32749556691612053;0.42256717567690044;0.0;0.0;0.0;0.0;0.0;0.31688053906977975;0.31607040069435555;0.474358450202644;0.0;0.0;0.0;0.0;0.0;0.40073563809933477;0.5130303212415848;0.40073563809933477;0.326725261985656;0.0;0.0;0.0;0.0;0.0;0.2659062722645507;0.39422451954623194;0.34648757854142564;0.505040986693321;0.5128891938569196;0.2774202019796826;0.3747767477247284;0.0;0.0;0.0;0.0;0.0;0.41756530308425166;0.0;0.0;0.5660950242641927;0.33338533752975075;0.388106721796983;0.0;0.4607444894450159;0.0;0.37790200563026977;0.3395744775783035;0.43752644334439605;0.0;0.5058861650006352;0.5090729625730985;0.5423341774525519;0.4463057405080198;0.0;0.0;0.0;0.0;0.34821630853854857;0.209731877021625;0.40955227019704454;0.0;0.0
GO:0030520;0.4024070004238523;0.2659062722645507;0.0;0.36023422299003627;0.6400331862090207;0.3040967454057377;0.5842886583967981;0.4158497681542592;0.0;0.5620410514256944;0.28367981189368235;0.40073563809933477;0.3419008870735769;0.0;0.3324462906419637;0.2628204175265099;0.2659062722645507;0.5185369985399844;0.31196848628961205;0.2832212090999459;0.5826135063568882;0.5185369985399844;0.2560615493486744;0.0;0.40073563809933477;1.0;0.5185369985399844;0.5185369985399844;0.3855773354389354;0.23923188436375753;0.2610185749042658;0.4849883252655831;0.3293976897407499;0.28863536137074036;0.32749556691612053;0.3004133502212238;0.4810423535962684;0.297295455479691;0.24090324668827506;0.4757431408159278;0.4200063700405249;0.31688053906977975;0.2560615493486744;0.27200903777481994;0.0;0.0;0.0;0.0;0.3855773354389354;0.5185369985399844;0.6308316816822342;0.5185369985399844;0.326725261985656;0.3855773354389354;0.3855773354389354;0.0;0.4024070004238523;0.3855773354389354;0.2659062722645507;0.27289121433359137;0.2864787271957445;0.3321915816076294;0.37243125054415366;0.31048236645534294;0.3147678963790473;0.30714017839556723;0.3353815663792142;0.2996095937186479;0.0;0.3115075698590165;0.41756530308425166;0.3855773354389354;0.3683083527994698;0.23923188436375753;0.2733764861840696;0.32190873040274914;0.3855773354389354;0.5185369985399844;0.3855773354389354;0.37790200563026977;0.25690929733551365;0.43752644334439605;0.3855773354389354;0.6236875254412848;0.27098998840247623;0.6601355378932015;0.3801077491137859;0.31048236645534294;0.4122517233397286;0.2750478485085872;0.27784823988918267;0.34821630853854857;0.209731877021625;0.3495434188513634;0.35772920928732993;0.3855773354389354
GO:0035655;0.4024070004238523;0.2659062722645507;0.0;0.36023422299003627;0.6400331862090207;0.3040967454057377;0.5842886583967981;0.4158497681542592;0.0;0.5988032204436986;0.28367981189368235;0.40073563809933477;0.3419008870735769;0.0;0.3324462906419637;0.2628204175265099;0.2659062722645507;0.5552991675579886;0.31196848628961205;0.2832212090999459;0.5826135063568882;0.5185369985399844;0.2560615493486744;0.0;0.40073563809933477;0.5185369985399844;1.0;0.5552991675579886;0.3855773354389354;0.23923188436375753;0.2610185749042658;0.4849883252655831;0.3293976897407499;0.28863536137074036;0.32749556691612053;0.3004133502212238;0.4810423535962684;0.297295455479691;0.24090324668827506;0.4757431408159278;0.4200063700405249;0.31688053906977975;0.2560615493486744;0.27200903777481994;0.0;0.0;0.0;0.0;0.3855773354389354;0.5185369985399844;0.6308316816822342;0.5185369985399844;0.326725261985656;0.3855773354389354;0.3855773354389354;0.0;0.4024070004238523;0.3855773354389354;0.2659062722645507;0.27289121433359137;0.2864787271957445;0.3321915816076294;0.37243125054415366;0.31048236645534294;0.3147678963790473;0.30714017839556723;0.3353815663792142;0.2996095937186479;0.0;0.3115075698590165;0.41756530308425166;0.3855773354389354;0.3683083527994698;0.23923188436375753;0.2733764861840696;0.32190873040274914;0.3855773354389354;0.5185369985399844;0.3855773354389354;0.37790200563026977;0.25690929733551365;0.43752644334439605;0.3855773354389354;0.660449694459289;0.27098998840247623;0.6968977069112057;0.3801077491137859;0.31048236645534294;0.4122517233397286;0.2750478485085872;0.27784823988918267;0.34821630853854857;0.209731877021625;0.3495434188513634;0.35772920928732993;0.3855773354389354
GO:0050852;0.4024070004238523;0.3623763757131729;0.0;0.40067569010596343;0.6400331862090207;0.3040967454057377;0.5842886583967981;0.5272754881230235;0.0;0.5988032204436986;0.28367981189368235;0.44117710521526193;0.3419008870735769;0.0;0.3893549466064468;0.3233604327120895;0.377331992233315;0.710343230630615;0.3524099534055392;0.3236626762158731;0.5826135063568882;0.5185369985399844;0.316601564534254;0.0;0.44117710521526193;0.5185369985399844;0.5552991675579886;1.0;0.3855773354389354;0.2796733514796847;0.2610185749042658;0.6295072830436976;0.42586779318937207;0.28863536137074036;0.32749556691612053;0.3004133502212238;0.4810423535962684;0.297295455479691;0.24090324668827506;0.4757431408159278;0.4200063700405249;0.3774205542553593;0.3674872693174387;0.3124505048907471;0.0;0.0;0.0;0.0;0.3855773354389354;0.5185369985399844;0.6308316816822342;0.5185369985399844;0.38726527717123554;0.5300962932170499;0.3855773354389354;0.0;0.4024070004238523;0.5300962932170499;0.32644628745013027;0.27289121433359137;0.3979044471645088;0.37263304872355657;0.4293399065086368;0.31048236645534294;0.35520936349497445;0.30714017839556723;0.3353815663792142;0.2996095937186479;0.0;0.3115075698590165;0.41756530308425166;0.5300962932170499;0.3683083527994698;0.2796733514796847;0.3848022061528339;0.32190873040274914;0.3855773354389354;0.5185369985399844;0.3855773354389354;0.37790200563026977;0.25690929733551365;0.5814432050802993;0.3855773354389354;0.660449694459289;0.3114314555184034;0.6968977069112057;0.3801077491137859;0.31048236645534294;0.4122517233397286;0.2750478485085872;0.27784823988918267;0.34821630853854857;0.209731877021625;0.3899848859672906;0.35772920928732993;0.3855773354389354
GO:0090166;0.5487390810203419;0.0;0.0;0.0;0.5070735231079719;0.3040967454057377;0.45132899529574927;0.0;0.0;0.42908138832464554;0.28367981189368235;0.4772016191318648;0.3419008870735769;0.0;0.0;0.0;0.0;0.3855773354389354;0.0;0.0;0.4496538432558393;0.3855773354389354;0.0;0.0;0.0;0.3855773354389354;0.3855773354389354;0.3855773354389354;1.0;0.0;0.2610185749042658;0.4849883252655831;0.0;0.28863536137074036;0.0;0.0;0.4810423535962684;0.297295455479691;0.24090324668827506;0.4757431408159278;0.4200063700405249;0.0;0.0;0.0;0.0;0.0;0.0;0.0;0.4772016191318648;0.3855773354389354;0.49787201858118535;0.3855773354389354;0.0;0.3855773354389354;0.3855773354389354;0.0;0.4024070004238523;0.3855773354389354;0.0;0.0;0.0;0.0;0.0;0.43491032577693584;0.0;0.30714017839556723;0.3353815663792142;0.2996095937186479;0.0;0.3115075698590165;0.4024070004238523;0.3855773354389354;0.3683083527994698;0.0;0.0;0.0;0.3855773354389354;0.3855773354389354;0.3855773354389354;0.0;0.0;0.0;0.3855773354389354;0.4907278623402359;0.0;0.5271758747921524;0.0;0.43491032577693584;0.4122517233397286;0.2750478485085872;0.27784823988918267;0.0;0.0;0.0;0.5368649655124831;0.4772016191318648
GO:1903435;0.0;0.31056141024936107;0.0;0.4202430743357174;0.3976730652337016;0.0;0.3222984810559666;0.4985198564893569;0.0;0.28273593724946766;0.0;0.29924073570943865;0.0;0.0;0.4956064310791415;0.24880914897764567;0.34323006044562704;0.2796733514796847;0.7569060824791894;0.36286011681113944;0.3206233290160566;0.25654682119915273;0.24057281055540614;0.0;0.29924073570943865;0.23923188436375753;0.23923188436375753;0.2796733514796847;0.0;1.0;0.0;0.0;0.3139089509474816;0.0;0.2610505663730804;0.2676096745925603;0.0;0.0;0.0;0.0;0.0;0.29956560223438455;0.33338533752975075;0.3615178964626336;0.0;0.0;0.0;0.0;0.0;0.25654682119915273;0.3884715607069151;0.23923188436375753;0.3094103251502608;0.0;0.0;0.0;0.0;0.0;0.34101525008537675;0.24339120699145883;0.36380251537682085;0.37671169416004224;0.4293399065086368;0.18831396444722587;0.514629287420001;0.0;0.0;0.0;0.0;0.0;0.2560615493486744;0.0;0.0;0.33618572891034626;0.35301539389526315;0.3078974618538849;0.0;0.35884696589976284;0.0;0.37790200563026977;0.36397420279816395;0.39523514998946707;0.0;0.34438241126505803;0.36380251537682085;0.4177754169178822;0.36461901032051763;0.0;0.0;0.0;0.0;0.34821630853854857;0.209731877021625;0.44649726339795215;0.0;0.0
GO:1990830;0.27784823988918267;0.0;0.0;0.0;0.38251476257330225;0.2500386095698206;0.32677023476107964;0.0;0.0;0.3045226277899759;0.20858484291008988;0.2610185749042658;0.495630655867265;0.0;0.0;0.0;0.0;0.2610185749042658;0.0;0.0;0.32509508272116966;0.2610185749042658;0.0;0.0;0.0;0.2610185749042658;0.2610185749042658;0.2610185749042658;0.2610185749042658;0.0;1.0;0.34079950836540107;0.0;0.22902913118041618;0.0;0.0;0.35648359306159877;0.2376892252893668;0.18684511085235794;0.35118438028125815;0.3335975852885401;0.0;0.0;0.0;0.0;0.0;0.0;0.0;0.2610185749042658;0.2610185749042658;0.3733132580465157;0.2610185749042658;0.0;0.24138851853875337;0.24138851853875337;0.4484487522663556;0.25821818352367026;0.24138851853875337;0.0;0.0;0.0;0.0;0.0;0.22407358170335817;0.0;0.24753394820524305;0.27577533618889;0.24000336352832374;0.0;0.24506256931597636;0.27784823988918267;0.24138851853875337;0.30186335225642963;0.0;0.0;0.0;0.2610185749042658;0.4092781021407852;0.2610185749042658;0.0;0.0;0.0;0.24138851853875337;0.3661691018055663;0.0;0.40261711425748287;0.0;0.22407358170335817;0.26806290643954656;0.21544161831826303;0.19861195333334608;0.0;0.0;0.0;0.27132042453534516;0.2610185749042658
GO:0050900;0.5018179902505;0.0;0.0;0.0;0.6064845129346196;0.4035077352323854;0.550739985122397;0.0;0.0;0.5284923781512931;0.3604295647309135;0.4849883252655831;0.41865063991080803;0.0;0.0;0.0;0.0;0.6295072830436976;0.0;0.0;0.549064833082487;0.4849883252655831;0.0;0.0;0.0;0.4849883252655831;0.4849883252655831;0.6295072830436976;0.4849883252655831;0.0;0.34079950836540107;1.0;0.0;0.37073141436199286;0.0;0.0;0.5804533434229162;0.37939150847094344;0.32482549772165453;0.7621351585305312;0.492614805305512;0.0;0.0;0.0;0.0;0.0;0.0;0.0;0.4849883252655831;0.4849883252655831;0.5972830084078331;0.4849883252655831;0.0;0.6295072830436976;0.4849883252655831;0.0;0.5018179902505;0.6295072830436976;0.0;0.0;0.0;0.0;0.0;0.38309080172033005;0.0;0.38923623138681973;0.41747761937046673;0.3817056467099004;0.0;0.3912885033201518;0.5018179902505;0.6295072830436976;0.448089286260605;0.0;0.0;0.0;0.4849883252655831;0.4849883252655831;0.4849883252655831;0.0;0.0;0.0;0.4849883252655831;0.5901388521668836;0.0;0.6265868646188002;0.0;0.38309080172033005;0.5116627131663762;0.3744588383352349;0.3772592297158304;0.0;0.0;0.0;0.43033764455231704;0.4849883252655831
GO:0050868;0.0;0.547014294776001;0.0;0.4209000210248961;0.46820881424518157;0.0;0.39514934959756376;0.469070580330344;0.0;0.37290174262646003;0.0;0.3293976897407499;0.0;0.0;0.38566710281804845;0.3261836683418416;0.32657207029941054;0.42586779318937207;0.38664555287333613;0.3405833388482748;0.3934741975576538;0.3293976897407499;0.40589202179816625;0.0;0.3293976897407499;0.3293976897407499;0.3293976897407499;0.42586779318937207;0.0;0.3139089509474816;0.0;0.0;1.0;0.0;0.35121637175007275;0.35777547996955267;0.0;0.0;0.0;0.0;0.0;0.37424266881810864;0.31672734738353425;0.34938355713901587;0.0;0.0;0.0;0.0;0.0;0.3293976897407499;0.45900730971839504;0.3293976897407499;0.3840873917339849;0.0;0.0;0.0;0.0;0.0;0.32657207029941054;0.4072329479898149;0.34714452523060435;0.36829925114870465;0.42979338029248254;0.27847976982421824;0.37213002612737617;0.0;0.0;0.0;0.0;0.0;0.40589202179816625;0.0;0.0;0.3139089509474816;0.3307386159323985;0.47173920285224097;0.0;0.44866858700357354;0.0;0.44843775464174973;0.31427142708384254;0.6406295410185665;0.0;0.4345482166420504;0.34714452523060435;0.4883111659293622;0.44077354714864575;0.0;0.0;0.0;0.0;0.5153617178234355;0.2871063963858209;0.4242204854350875;0.0;0.0
GO:0018108;0.30546502635565725;0.0;0.0;0.0;0.41013154903977683;0.4113481853548808;0.3543870212275542;0.0;0.0;0.3321394142564505;0.34681376044576956;0.28863536137074036;0.3000414923731072;0.0;0.0;0.0;0.0;0.28863536137074036;0.0;0.0;0.6929487477679768;0.28863536137074036;0.0;0.0;0.0;0.28863536137074036;0.28863536137074036;0.28863536137074036;0.28863536137074036;0.0;0.22902913118041618;0.37073141436199286;0.0;1.0;0.0;0.0;0.6083224825505378;0.7270704702469395;0.5212441211412313;0.37880116674773273;0.4464952111573114;0.0;0.0;0.0;0.542754613748187;0.0;0.0;0.0;0.28863536137074036;0.28863536137074036;0.4009300445129903;0.28863536137074036;0.0;0.27132042453534516;0.27132042453534516;0.0;0.40058841863159406;0.27132042453534516;0.0;0.0;0.0;0.0;0.0;0.2558316857420769;0.0;0.7369151931628157;0.3689270489071467;0.7293846084858964;0.0;0.3546565268982167;0.30546502635565725;0.27132042453534516;0.8380595413915299;0.0;0.0;0.0;0.28863536137074036;0.28863536137074036;0.28863536137074036;0.0;0.0;0.0;0.4183682486931658;0.39378588827204086;0.0;0.43023390072395745;0.0;0.4410294856825824;0.29799481243613835;0.30859333103651976;0.32099719692838286;0.0;0.0;0.0;0.30307852857406387;0.4776119015946538
GO:0032092;0.0;0.28772495427387357;0.0;0.3820529049993591;0.448991754585157;0.0;0.3932472267729344;0.430223464304807;0.0;0.37099961980183066;0.0;0.32749556691612053;0.0;0.0;0.36328717564106744;0.2873365523163046;0.28772495427387357;0.32749556691612053;0.3337871682989349;0.3017362228227378;0.3915720747330244;0.32749556691612053;0.2778802313579973;0.0;0.32749556691612053;0.32749556691612053;0.32749556691612053;0.32749556691612053;0.0;0.2610505663730804;0.0;0.0;0.35121637175007275;0.0;1.0;0.33539555279257166;0.0;0.0;0.0;0.0;0.0;0.33539555279257166;0.2778802313579973;0.29876959863249075;0.0;0.0;0.0;0.0;0.0;0.32749556691612053;0.43979025005837047;0.32749556691612053;0.3452402757084479;0.0;0.0;0.0;0.0;0.0;0.4401432766030688;0.44712821867210945;0.3082974092050674;0.5960113591077807;0.40741345311550153;0.2905505737152129;0.3332829101018392;0.0;0.0;0.0;0.0;0.0;0.3443252319010374;0.0;0.0;0.2610505663730804;0.29189149990686153;0.34642486519254384;0.0;0.3501568039055371;0.0;0.39227570178081755;0.29189149990686153;0.46302102818947843;0.0;0.43264609381742103;0.29550612319227093;0.4690941062693376;0.4019264311231088;0.0;0.0;0.0;0.0;0.3700349905478714;0.2364924378792958;0.3713621008606863;0.0;0.0
GO:1902991;0.0;0.2942840624933535;0.0;0.5463721624452214;0.42190953789026026;0.0;0.36616501007803764;0.4400862408108179;0.0;0.3439174031069339;0.0;0.40270858682952604;0.0;0.0;0.3731499521470783;0.2926756779997167;0.2942840624933535;0.3004133502212238;0.3403462765184148;0.4064068644990062;0.36448985803812767;0.3004133502212238;0.2844393395774772;0.0;0.42256717567690044;0.3004133502212238;0.3004133502212238;0.3004133502212238;0.0;0.2676096745925603;0.0;0.0;0.35777547996955267;0.0;0.33539555279257166;1.0;0.0;0.0;0.0;0.0;0.0;0.3434321312564556;0.2844393395774772;0.5044743927956078;0.0;0.0;0.0;0.0;0.0;0.3004133502212238;0.4127080333634737;0.3004133502212238;0.35327685417233184;0.0;0.0;0.0;0.0;0.0;0.2942840624933535;0.4758565620122467;0.3148565174245473;0.5351569292862848;0.5845239965741601;0.26265895086671714;0.34131948856572314;0.0;0.0;0.0;0.0;0.0;0.3172430152061407;0.0;0.0;0.49166102359349;0.2999280783707455;0.5008741716617859;0.0;0.34270464357615277;0.0;0.4021384782868284;0.4690020433655201;0.4751989242256065;0.0;0.4055638771225243;0.3900343262292924;0.4420118895744409;0.5662456885689711;0.0;0.0;0.0;0.0;0.37659409876735134;0.2408071200308996;0.3779212090801662;0.0;0.0
GO:0006486;0.49787201858118535;0.0;0.0;0.0;0.6025385412653048;0.5346613296638194;0.5467940134530822;0.0;0.0;0.5245464064819785;0.48144072052310033;0.4810423535962684;0.43736590523090996;0.0;0.0;0.0;0.0;0.4810423535962684;0.0;0.0;0.6674434408903838;0.4810423535962684;0.0;0.0;0.0;0.4810423535962684;0.4810423535962684;0.4810423535962684;0.4810423535962684;0.0;0.35648359306159877;0.5804533434229162;0.0;0.6083224825505378;0.0;0.0;1.0;0.6169825766594884;0.5451016290748043;0.5712081589732607;0.5966109100279104;0.0;0.0;0.0;0.6928703126187861;0.0;0.0;0.0;0.4810423535962684;0.4810423535962684;0.5933370367385185;0.4810423535962684;0.0;0.4810423535962684;0.4810423535962684;0.0;0.5733653544916097;0.4810423535962684;0.0;0.0;0.0;0.0;0.0;0.40594738461267593;0.0;0.6268272995753646;0.48359022477553293;0.6192967148984454;0.0;0.4779696712071552;0.49787201858118535;0.4810423535962684;0.7106567109686838;0.0;0.0;0.0;0.4810423535962684;0.4810423535962684;0.4810423535962684;0.0;0.0;0.0;0.5911451845531814;0.5861928804975689;0.0;0.6226408929494855;0.0;0.5911451845531814;0.5077167414970616;0.44591774389432254;0.47111289579898197;0.0;0.0;0.0;0.4531942274446629;0.6033669330734798
GO:0046777;0.3141251204646079;0.0;0.0;0.0;0.41879164314872747;0.4200082794638314;0.36304711533650486;0.0;0.0;0.34079950836540107;0.3554738545547202;0.297295455479691;0.30870158648205775;0.0;0.0;0.0;0.0;0.297295455479691;0.0;0.0;0.7016088418769273;0.297295455479691;0.0;0.0;0.0;0.297295455479691;0.297295455479691;0.297295455479691;0.297295455479691;0.0;0.2376892252893668;0.37939150847094344;0.0;0.7270704702469395;0.0;0.0;0.6169825766594884;1.0;0.47874099329674824;0.38746126085668336;0.45515530526626197;0.0;0.0;0.0;0.5514147078571376;0.0;0.0;0.0;0.297295455479691;0.297295455479691;0.4095901386219409;0.297295455479691;0.0;0.2799805186442958;0.2799805186442958;0.0;0.4092485127405447;0.2799805186442958;0.0;0.0;0.0;0.0;0.0;0.2644917798510275;0.0;0.7455752872717663;0.37758714301609736;0.7380447025948469;0.0;0.3633166210071673;0.3141251204646079;0.2799805186442958;0.8467196355004806;0.0;0.0;0.0;0.297295455479691;0.297295455479691;0.297295455479691;0.0;0.0;0.0;0.42702834280211643;0.40244598238099144;0.0;0.4388939948329081;0.0;0.449689579791533;0.3066549065450889;0.31725342514547034;0.3296572910373335;0.0;0.0;0.0;0.3117386226830145;0.46191132831183135
GO:0000413;0.257732911673192;0.0;0.0;0.0;0.36239943435731153;0.36691973895894653;0.3066549065450889;0.0;0.0;0.2844072995739852;0.3009078438054312;0.24090324668827506;0.2568330285132407;0.0;0.0;0.0;0.0;0.24090324668827506;0.0;0.0;0.464249327183298;0.24090324668827506;0.0;0.0;0.0;0.24090324668827506;0.24090324668827506;0.24090324668827506;0.24090324668827506;0.0;0.18684511085235794;0.32482549772165453;0.0;0.5212441211412313;0.0;0.0;0.5451016290748043;0.47874099329674824;1.0;0.33106905206526743;0.39876309647484615;0.0;0.0;0.0;0.48967619891170033;0.0;0.0;0.0;0.24090324668827506;0.24090324668827506;0.35319792983052506;0.24090324668827506;0.0;0.22541450789500678;0.22541450789500678;0.0;0.3505411844190116;0.22541450789500678;0.0;0.0;0.0;0.0;0.0;0.21140323934614252;0.0;0.5397489381660581;0.32571858504728024;0.5322183534891389;0.0;0.3102280805022824;0.257732911673192;0.22541450789500678;0.5569263888126752;0.0;0.0;0.0;0.24090324668827506;0.24090324668827506;0.24090324668827506;0.0;0.0;0.0;0.3683210144805833;0.3460537735895756;0.0;0.3825017860414922;0.0;0.3879510708460957;0.2520888957958;0.26538486717665327;0.27656875053244856;0.0;0.0;0.0;0.2586500821781295;0.4245334867581671
GO:0060326;0.49257280580084467;0.0;0.0;0.0;0.5972393284849642;0.3942625507827301;0.5414948006727416;0.0;0.0;0.5192471937016379;0.3738456172706747;0.4757431408159278;0.4320666924505693;0.0;0.0;0.0;0.0;0.4757431408159278;0.0;0.0;0.5398196486328317;0.4757431408159278;0.0;0.0;0.0;0.4757431408159278;0.4757431408159278;0.4757431408159278;0.4757431408159278;0.0;0.35118438028125815;0.7621351585305312;0.0;0.37880116674773273;0.0;0.0;0.5712081589732607;0.38746126085668336;0.33106905206526743;1.0;0.5101721754175172;0.0;0.0;0.0;0.0;0.0;0.0;0.0;0.4757431408159278;0.4757431408159278;0.5880378239581777;0.4757431408159278;0.0;0.4757431408159278;0.4757431408159278;0.0;0.49257280580084467;0.4757431408159278;0.0;0.0;0.0;0.0;0.0;0.4006481718323353;0.0;0.3973059837725596;0.42554737175620655;0.3897753990956403;0.0;0.4016733752360089;0.49257280580084467;0.4757431408159278;0.45847415817646214;0.0;0.0;0.0;0.4757431408159278;0.4757431408159278;0.4757431408159278;0.0;0.0;0.0;0.4757431408159278;0.5808936677172283;0.0;0.6173416801691449;0.0;0.4006481718323353;0.502417528716721;0.3652136538855796;0.36801404526617504;0.0;0.0;0.0;0.4478950146643223;0.4757431408159278
GO:0006643;0.4368360350254418;0.0;0.0;0.0;0.5415025577095613;0.46195659519230875;0.48575802989733874;0.0;0.0;0.46351042292623496;0.4263173993523376;0.4200063700405249;0.40913359730382987;0.0;0.0;0.0;0.0;0.4200063700405249;0.0;0.0;0.5324187240588178;0.4200063700405249;0.0;0.0;0.0;0.4200063700405249;0.4200063700405249;0.4200063700405249;0.4200063700405249;0.0;0.3335975852885401;0.492614805305512;0.0;0.4464952111573114;0.0;0.0;0.5966109100279104;0.45515530526626197;0.39876309647484615;0.5101721754175172;1.0;0.0;0.0;0.0;0.5700673443075186;0.0;0.0;0.0;0.4200063700405249;0.4200063700405249;0.5323010531827748;0.4200063700405249;0.0;0.3932038154788643;0.3932038154788643;0.0;0.4851718812268309;0.3932038154788643;0.0;0.0;0.0;0.0;0.0;0.3705425784894477;0.0;0.46500002818213826;0.47801915383786947;0.45746944350521895;0.0;0.615783101074131;0.4368360350254418;0.3932038154788643;0.5261682025860408;0.0;0.0;0.0;0.4200063700405249;0.4200063700405249;0.4200063700405249;0.0;0.0;0.0;0.46834221624191397;0.5251568969418254;0.0;0.561604909393742;0.0;0.4415396616802534;0.4198782033796575;0.41768543596724245;0.6149274467329606;0.0;0.0;0.0;0.4177894213214347;0.46834221624191397
GO:0032925;0.0;0.3867800053207573;0.0;0.405079202067395;0.45800678310432863;0.0;0.3826321989265936;0.6607214038395619;0.0;0.3603845919554899;0.0;0.31688053906977975;0.0;0.0;0.3731499521470783;0.4778583180262478;0.48811667096043687;0.3774205542553593;0.37230220416023907;0.32623999013517774;0.38095704688668364;0.31688053906977975;0.4782719480445606;0.0;0.31688053906977975;0.31688053906977975;0.31688053906977975;0.3774205542553593;0.0;0.29956560223438455;0.0;0.0;0.37424266881810864;0.0;0.33539555279257166;0.3434321312564556;0.0;0.0;0.0;0.0;0.0;1.0;0.8545984235690368;0.33234275564544696;0.0;0.0;0.0;0.0;0.0;0.31688053906977975;0.4488052785775421;0.31688053906977975;0.5584232784078076;0.0;0.0;0.0;0.0;0.0;0.48811667096043687;0.30372492486208585;0.5086891258916306;0.35023400612332745;0.4154500315793855;0.26265895086671714;0.3577866774142791;0.0;0.0;0.0;0.0;0.0;0.33371020405469665;0.0;0.0;0.29956560223438455;0.5050745026062211;0.3682311797245119;0.0;0.35917183242470874;0.0;0.4382357235008968;0.2999280783707455;0.6016699198108192;0.0;0.42203106597108025;0.33132370627310326;0.47810913478850925;0.42495272819114466;0.0;0.0;0.0;0.0;0.4085500264091756;0.270065594892252;0.40987713672199044;0.0;0.0
GO:0032927;0.0;0.32778721364177893;0.0;0.4370727393206343;0.3948726738531061;0.0;0.3218132092054883;0.7156530206597456;0.0;0.29956560223438455;0.0;0.31607040069435555;0.0;0.0;0.4061846115913637;0.4147242087750253;0.5275595489873524;0.3674872693174387;0.40612193945560526;0.360059725430544;0.32013805716557836;0.2560615493486744;0.4121066581694339;0.0;0.31607040069435555;0.2560615493486744;0.2560615493486744;0.3674872693174387;0.0;0.33338533752975075;0.0;0.0;0.31672734738353425;0.0;0.2778802313579973;0.2844393395774772;0.0;0.0;0.0;0.0;0.0;0.8545984235690368;1.0;0.36285882265428226;0.0;0.0;0.0;0.0;0.0;0.2560615493486744;0.3856711693263196;0.2560615493486744;0.48811667096043687;0.0;0.0;0.0;0.0;0.0;0.4219513810853102;0.24742958596357933;0.548132003918546;0.3795300905960949;0.4461695714935537;0.20514362943214276;0.39160641270964536;0.0;0.0;0.0;0.0;0.0;0.27289121433359137;0.0;0.0;0.33338533752975075;0.5505185017001395;0.31193584082600534;0.0;0.35301539389526315;0.0;0.37510161424967425;0.24093528669176711;0.5313633123634485;0.0;0.361212076249975;0.36331724352634254;0.41497502553728677;0.36743740675657033;0.0;0.0;0.0;0.0;0.3495572347301972;0.21377025599374544;0.44369687201735664;0.0;0.0
GO:0031398;0.0;0.27412529718182854;0.0;0.5638170750428362;0.42300523278598895;0.0;0.35177196618049805;0.5185057238876228;0.0;0.31551309066053;0.0;0.42549979958116235;0.0;0.0;0.41468711415873416;0.28652818123705603;0.3727035455701585;0.3124505048907471;0.4342544983884881;0.47004056238210823;0.35009681414058813;0.2860203063236842;0.27604741674694044;0.0;0.474358450202644;0.27200903777481994;0.27200903777481994;0.3124505048907471;0.0;0.3615178964626336;0.0;0.0;0.34938355713901587;0.0;0.29876959863249075;0.5044743927956078;0.0;0.0;0.0;0.0;0.0;0.33234275564544696;0.36285882265428226;1.0;0.0;0.0;0.0;0.0;0.0;0.2860203063236842;0.4138037282592024;0.27200903777481994;0.34218747856132326;0.0;0.0;0.0;0.0;0.0;0.2858921396628167;0.5172570303618654;0.3932760005013523;0.6759727655420633;0.5947964109756267;0.22603299670663624;0.41973897164252816;0.0;0.0;0.0;0.0;0.0;0.2888387027597369;0.0;0.0;0.4978027430934339;0.37834756144755055;0.43637261400131366;0.0;0.3788328332980288;0.0;0.4032341731825571;0.3845367014961033;0.42470863511399853;0.0;0.37715956467612044;0.47098296094778963;0.4431075844701696;0.49309416246794646;0.0;0.0;0.0;0.0;0.380993461949611;0.24745090928103536;0.4718294309502395;0.0;0.0
GO:0051604;0.0;0.0;0.0;0.0;0.0;0.5409214395720909;0.0;0.0;0.0;0.0;0.4608982758697114;0.0;0.0;0.0;0.0;0.0;0.0;0.0;0.0;0.0;0.661481802278357;0.0;0.0;0.0;0.0;0.0;0.0;0.0;0.0;0.0;0.0;0.0;0.0;0.542754613748187;0.0;0.0;0.6928703126187861;0.5514147078571376;0.48967619891170033;0.0;0.5700673443075186;0.0;0.0;0.0;1.0;0.0;0.0;0.0;0.0;0.0;0.0;0.0;0.0;0.0;0.0;0.0;0.5796254643998813;0.0;0.0;0.0;0.0;0.0;0.0;0.0;0.0;0.5612594307730139;0.4868752351439201;0.5537288460960945;0.0;0.4842297811154268;0.0;0.0;0.6296001033730646;0.0;0.0;0.0;0.0;0.0;0.0;0.0;0.0;0.0;0.7963773483891423;0.0;0.0;0.0;0.0;0.5974052944614531;0.0;0.4492027542627097;0.47737300570725355;0.0;0.0;0.0;0.0;0.5974052944614531
GO:0035879;0.0;0.0;0.41155050070029947;0.0;0.0;0.0;0.0;0.0;0.4276926675824007;0.0;0.0;0.0;0.0;0.6382789749222977;0.0;0.0;0.0;0.0;0.0;0.0;0.0;0.0;0.0;0.506632814181256;0.0;0.0;0.0;0.0;0.0;0.0;0.0;0.0;0.0;0.0;0.0;0.0;0.0;0.0;0.0;0.0;0.0;0.0;0.0;0.0;0.0;1.0;0.394459219996805;0.33601448868500966;0.0;0.0;0.0;0.0;0.0;0.3205257498917414;0.33601448868500966;0.0;0.0;0.3205257498917414;0.0;0.0;0.0;0.0;0.0;0.0;0.0;0.0;0.0;0.0;0.32129696295883964;0.0;0.0;0.3205257498917414;0.0;0.0;0.0;0.0;0.0;0.0;0.0;0.0;0.0;0.0;0.0;0.0;0.0;0.0;0.0;0.0;0.0;0.0;0.0;0.0;0.0;0.0;0.0;0.0
GO:0016973;0.0;0.0;0.6261326945829646;0.0;0.0;0.0;0.0;0.0;0.6380900601895734;0.0;0.0;0.0;0.0;0.6441402828900074;0.0;0.0;0.0;0.0;0.0;0.0;0.0;0.0;0.0;0.42762101383246703;0.0;0.0;0.0;0.0;0.0;0.0;0.0;0.0;0.0;0.0;0.0;0.0;0.0;0.0;0.0;0.0;0.0;0.0;0.0;0.0;0.0;0.394459219996805;1.0;0.5679116194030701;0.0;0.0;0.0;0.0;0.0;0.48068857743567;0.48068857743567;0.0;0.0;0.48068857743567;0.0;0.0;0.0;0.0;0.0;0.0;0.0;0.0;0.0;0.0;0.47483074388157026;0.0;0.0;0.48068857743567;0.0;0.0;0.0;0.0;0.0;0.0;0.0;0.0;0.0;0.0;0.0;0.0;0.0;0.0;0.0;0.0;0.0;0.0;0.0;0.0;0.0;0.0;0.0;0.0
GO:0032402;0.0;0.0;0.7240690918683019;0.0;0.0;0.0;0.0;0.0;0.6380900601895734;0.0;0.0;0.0;0.0;0.5207430212338666;0.0;0.0;0.0;0.0;0.0;0.0;0.0;0.0;0.0;0.39067602063155943;0.0;0.0;0.0;0.0;0.0;0.0;0.0;0.0;0.0;0.0;0.0;0.0;0.0;0.0;0.0;0.0;0.0;0.0;0.0;0.0;0.0;0.33601448868500966;0.5679116194030701;1.0;0.0;0.0;0.0;0.0;0.0;0.48068857743567;0.48068857743567;0.0;0.0;0.48068857743567;0.0;0.0;0.0;0.0;0.0;0.0;0.0;0.0;0.0;0.0;0.47483074388157026;0.0;0.0;0.48068857743567;0.0;0.0;0.0;0.0;0.0;0.0;0.0;0.0;0.0;0.0;0.0;0.0;0.0;0.0;0.0;0.0;0.0;0.0;0.0;0.0;0.0;0.0;0.0;0.0
GO:0007183;0.4940312841167817;0.0;0.0;0.0;0.5070735231079719;0.3040967454057377;0.45132899529574927;0.0;0.0;0.42908138832464554;0.28367981189368235;0.4772016191318648;0.3419008870735769;0.0;0.0;0.0;0.0;0.3855773354389354;0.0;0.0;0.4496538432558393;0.3855773354389354;0.0;0.0;0.0;0.3855773354389354;0.3855773354389354;0.3855773354389354;0.4772016191318648;0.0;0.2610185749042658;0.4849883252655831;0.0;0.28863536137074036;0.0;0.0;0.4810423535962684;0.297295455479691;0.24090324668827506;0.4757431408159278;0.4200063700405249;0.0;0.0;0.0;0.0;0.0;0.0;0.0;1.0;0.3855773354389354;0.49787201858118535;0.3855773354389354;0.0;0.3855773354389354;0.3855773354389354;0.0;0.4024070004238523;0.3855773354389354;0.0;0.0;0.0;0.0;0.0;0.40210665014827235;0.0;0.30714017839556723;0.3353815663792142;0.2996095937186479;0.0;0.3115075698590165;0.4024070004238523;0.3855773354389354;0.3683083527994698;0.0;0.0;0.0;0.3855773354389354;0.3855773354389354;0.3855773354389354;0.0;0.0;0.0;0.3855773354389354;0.4907278623402359;0.0;0.5271758747921524;0.0;0.40210665014827235;0.4122517233397286;0.2750478485085872;0.27784823988918267;0.0;0.0;0.0;0.44935349298025934;0.4772016191318648
GO:0061762;0.4024070004238523;0.2659062722645507;0.0;0.36023422299003627;0.7170000585953863;0.3040967454057377;0.6612555307831637;0.4158497681542592;0.0;0.5620410514256944;0.28367981189368235;0.40073563809933477;0.3419008870735769;0.0;0.3324462906419637;0.2628204175265099;0.2659062722645507;0.5185369985399844;0.32928342312500725;0.2832212090999459;0.6595803787432537;0.5955038709263498;0.2560615493486744;0.0;0.40073563809933477;0.5185369985399844;0.5185369985399844;0.5185369985399844;0.3855773354389354;0.25654682119915273;0.2610185749042658;0.4849883252655831;0.3293976897407499;0.28863536137074036;0.32749556691612053;0.3004133502212238;0.4810423535962684;0.297295455479691;0.24090324668827506;0.4757431408159278;0.4200063700405249;0.31688053906977975;0.2560615493486744;0.2860203063236842;0.0;0.0;0.0;0.0;0.3855773354389354;1.0;0.6308316816822342;0.5955038709263498;0.326725261985656;0.3855773354389354;0.3855773354389354;0.0;0.4024070004238523;0.3855773354389354;0.2659062722645507;0.27289121433359137;0.2864787271957445;0.3321915816076294;0.37243125054415366;0.31048236645534294;0.3147678963790473;0.30714017839556723;0.3353815663792142;0.2996095937186479;0.0;0.3115075698590165;0.41756530308425166;0.3855773354389354;0.3683083527994698;0.25654682119915273;0.2733764861840696;0.32190873040274914;0.3855773354389354;0.5955038709263498;0.3855773354389354;0.40056324261968634;0.25690929733551365;0.43752644334439605;0.3855773354389354;0.6236875254412848;0.2864787271957445;0.6601355378932015;0.3801077491137859;0.31048236645534294;0.4122517233397286;0.2750478485085872;0.27784823988918267;0.36553124537394377;0.22374314557048924;0.3668583556867586;0.35772920928732993;0.3855773354389354
GO:0007186;0.5147016835661022;0.37820095540680065;0.0;0.48984384296768135;0.7523278693512707;0.41639142854798766;0.6965833415390481;0.5508056882859257;0.0;0.6743357345679444;0.3959744950359323;0.5130303212415848;0.45419557021582685;0.0;0.4447409737842136;0.39060383946202815;0.39551589224219585;0.6308316816822342;0.4612081626327696;0.41514594860770826;0.6949081894991382;0.6308316816822342;0.3856711693263196;0.0;0.5130303212415848;0.6308316816822342;0.6308316816822342;0.6308316816822342;0.49787201858118535;0.3884715607069151;0.3733132580465157;0.5972830084078331;0.45900730971839504;0.4009300445129903;0.43979025005837047;0.4127080333634737;0.5933370367385185;0.4095901386219409;0.35319792983052506;0.5880378239581777;0.5323010531827748;0.4488052785775421;0.3856711693263196;0.4138037282592024;0.0;0.0;0.0;0.0;0.49787201858118535;0.6308316816822342;1.0;0.6308316816822342;0.4586500014934184;0.49787201858118535;0.49787201858118535;0.0;0.5147016835661022;0.49787201858118535;0.39551589224219585;0.3851858974758413;0.41608834717338966;0.44448626474987935;0.48472593368640354;0.4227770495975929;0.44669263588680963;0.41943486153781717;0.4476762495214642;0.41190427686089787;0.0;0.42380225300126645;0.5298599862265017;0.49787201858118535;0.48060303594171966;0.3884715607069151;0.405301225691832;0.4496921523382673;0.49787201858118535;0.6308316816822342;0.49787201858118535;0.5396604803235969;0.36920398047776365;0.5498211264866459;0.49787201858118535;0.7359822085835348;0.41608834717338966;0.7724302210354513;0.5097173690914311;0.4227770495975929;0.5245464064819785;0.38734253165083715;0.39014292303143266;0.4974559848817061;0.35152656750600747;0.49878309519452096;0.47002389242957987;0.49787201858118535
GO:0032482;0.4024070004238523;0.2659062722645507;0.0;0.36023422299003627;0.7170000585953863;0.3040967454057377;0.7727445864076089;0.4158497681542592;0.0;0.5620410514256944;0.28367981189368235;0.40073563809933477;0.3419008870735769;0.0;0.3324462906419637;0.2628204175265099;0.2659062722645507;0.5185369985399844;0.31196848628961205;0.2832212090999459;0.6595803787432537;0.5955038709263498;0.2560615493486744;0.0;0.40073563809933477;0.5185369985399844;0.5185369985399844;0.5185369985399844;0.3855773354389354;0.23923188436375753;0.2610185749042658;0.4849883252655831;0.3293976897407499;0.28863536137074036;0.32749556691612053;0.3004133502212238;0.4810423535962684;0.297295455479691;0.24090324668827506;0.4757431408159278;0.4200063700405249;0.31688053906977975;0.2560615493486744;0.27200903777481994;0.0;0.0;0.0;0.0;0.3855773354389354;0.5955038709263498;0.6308316816822342;1.0;0.326725261985656;0.3855773354389354;0.3855773354389354;0.0;0.4024070004238523;0.3855773354389354;0.2659062722645507;0.27289121433359137;0.2864787271957445;0.3321915816076294;0.37243125054415366;0.31048236645534294;0.3147678963790473;0.30714017839556723;0.3353815663792142;0.2996095937186479;0.0;0.3115075698590165;0.41756530308425166;0.3855773354389354;0.3683083527994698;0.23923188436375753;0.2733764861840696;0.32190873040274914;0.3855773354389354;0.5955038709263498;0.3855773354389354;0.37790200563026977;0.25690929733551365;0.43752644334439605;0.3855773354389354;0.6236875254412848;0.27098998840247623;0.6601355378932015;0.3801077491137859;0.31048236645534294;0.4122517233397286;0.2750478485085872;0.27784823988918267;0.34821630853854857;0.209731877021625;0.3495434188513634;0.35772920928732993;0.3855773354389354
GO:1901796;0.0;0.3966247282366336;0.0;0.41492392498327124;0.46785150602020487;0.0;0.39247692184246985;0.6705661267554381;0.0;0.3702293148713661;0.0;0.326725261985656;0.0;0.0;0.38299467506295454;0.5973267308392984;0.6177275224127345;0.38726527717123554;0.3821469270761153;0.33608471305105403;0.39080176980255993;0.326725261985656;0.48811667096043687;0.0;0.326725261985656;0.326725261985656;0.326725261985656;0.38726527717123554;0.0;0.3094103251502608;0.0;0.0;0.3840873917339849;0.0;0.3452402757084479;0.35327685417233184;0.0;0.0;0.0;0.0;0.0;0.5584232784078076;0.48811667096043687;0.34218747856132326;0.0;0.0;0.0;0.0;0.0;0.326725261985656;0.4586500014934184;0.326725261985656;1.0;0.0;0.0;0.0;0.0;0.0;0.6177275224127345;0.31356964777796215;0.6382999773439282;0.3600787290392037;0.4252947544952617;0.2725036737825934;0.3676314003301554;0.0;0.0;0.0;0.0;0.0;0.34355492697057294;0.0;0.0;0.3094103251502608;0.5149192255220975;0.37807590264038815;0.0;0.369016555340585;0.0;0.448080446416773;0.30977280128662177;0.6115146427266955;0.0;0.43187578888695655;0.3411684291889795;0.48795385770438554;0.43479745110702095;0.0;0.0;0.0;0.0;0.41839474932505183;0.27991031780812825;0.4197218596378667;0.0;0.0
GO:0043312;0.4024070004238523;0.0;0.6543811743147829;0.0;0.5070735231079719;0.3040967454057377;0.45132899529574927;0.0;0.5508670182221733;0.42908138832464554;0.2610185749042658;0.3855773354389354;0.31923965008416033;0.49808178424445;0.0;0.0;0.0;0.5988774596618195;0.0;0.0;0.4496538432558393;0.3855773354389354;0.0;0.37518728183829114;0.0;0.3855773354389354;0.3855773354389354;0.5300962932170499;0.3855773354389354;0.0;0.24138851853875337;0.6295072830436976;0.0;0.27132042453534516;0.0;0.0;0.4810423535962684;0.2799805186442958;0.22541450789500678;0.4757431408159278;0.3932038154788643;0.0;0.0;0.0;0.0;0.3205257498917414;0.48068857743567;0.48068857743567;0.3855773354389354;0.3855773354389354;0.49787201858118535;0.3855773354389354;0.0;1.0;0.6733335965809613;0.0;0.4024070004238523;0.7440025606004488;0.0;0.0;0.0;0.0;0.0;0.28367981189368235;0.0;0.28982524156017203;0.318066629543819;0.2822946568832527;0.37584037064523507;0.2918775134935041;0.4024070004238523;0.7440025606004488;0.34867829643395737;0.0;0.0;0.0;0.3855773354389354;0.3855773354389354;0.3855773354389354;0.0;0.0;0.0;0.3855773354389354;0.4907278623402359;0.0;0.5271758747921524;0.0;0.28367981189368235;0.4122517233397286;0.2750478485085872;0.27784823988918267;0.0;0.0;0.0;0.33092665472566934;0.3855773354389354
GO:1990182;0.4024070004238523;0.0;0.6543811743147829;0.0;0.5070735231079719;0.3040967454057377;0.45132899529574927;0.0;0.5508670182221733;0.42908138832464554;0.2610185749042658;0.3855773354389354;0.31923965008416033;0.5207430212338666;0.0;0.0;0.0;0.3855773354389354;0.0;0.0;0.4496538432558393;0.3855773354389354;0.0;0.39067602063155943;0.0;0.3855773354389354;0.3855773354389354;0.3855773354389354;0.3855773354389354;0.0;0.24138851853875337;0.4849883252655831;0.0;0.27132042453534516;0.0;0.0;0.4810423535962684;0.2799805186442958;0.22541450789500678;0.4757431408159278;0.3932038154788643;0.0;0.0;0.0;0.0;0.33601448868500966;0.48068857743567;0.48068857743567;0.3855773354389354;0.3855773354389354;0.49787201858118535;0.3855773354389354;0.0;0.6733335965809613;1.0;0.0;0.4024070004238523;0.6733335965809613;0.0;0.0;0.0;0.0;0.0;0.28367981189368235;0.0;0.28982524156017203;0.318066629543819;0.2822946568832527;0.37584037064523507;0.2918775134935041;0.4024070004238523;0.6733335965809613;0.34867829643395737;0.0;0.0;0.0;0.3855773354389354;0.3855773354389354;0.3855773354389354;0.0;0.0;0.0;0.3855773354389354;0.4907278623402359;0.0;0.5271758747921524;0.0;0.28367981189368235;0.4122517233397286;0.2750478485085872;0.27784823988918267;0.0;0.0;0.0;0.33092665472566934;0.3855773354389354
GO:0000302;0.0;0.0;0.0;0.0;0.0;0.0;0.0;0.0;0.0;0.0;0.0;0.0;0.8835869497087869;0.0;0.0;0.0;0.0;0.0;0.0;0.0;0.0;0.0;0.0;0.0;0.0;0.0;0.0;0.0;0.0;0.0;0.4484487522663556;0.0;0.0;0.0;0.0;0.0;0.0;0.0;0.0;0.0;0.0;0.0;0.0;0.0;0.0;0.0;0.0;0.0;0.0;0.0;0.0;0.0;0.0;0.0;0.0;1.0;0.0;0.0;0.0;0.0;0.0;0.0;0.0;0.0;0.0;0.0;0.0;0.0;0.0;0.0;0.0;0.0;0.0;0.0;0.0;0.0;0.0;0.5661976446388071;0.0;0.0;0.0;0.0;0.0;0.0;0.0;0.0;0.0;0.0;0.0;0.0;0.0;0.0;0.0;0.0;0.0;0.0
GO:0006378;0.41923666540876925;0.0;0.0;0.0;0.5239031880928888;0.5548245842803896;0.46815866028066616;0.0;0.0;0.44591105330956243;0.37600281278902364;0.4024070004238523;0.3360693150690773;0.0;0.0;0.0;0.0;0.4024070004238523;0.0;0.0;0.5419768441511806;0.4024070004238523;0.0;0.0;0.0;0.4024070004238523;0.4024070004238523;0.4024070004238523;0.4024070004238523;0.0;0.25821818352367026;0.5018179902505;0.0;0.40058841863159406;0.0;0.0;0.5733653544916097;0.4092485127405447;0.3505411844190116;0.49257280580084467;0.4851718812268309;0.0;0.0;0.0;0.5796254643998813;0.0;0.0;0.0;0.4024070004238523;0.4024070004238523;0.5147016835661022;0.4024070004238523;0.0;0.4024070004238523;0.4024070004238523;0.0;1.0;0.4024070004238523;0.0;0.0;0.0;0.0;0.0;0.30050947687859925;0.0;0.4190932356564209;0.40495487160311683;0.4115626509795017;0.0;0.3993343180347391;0.41923666540876925;0.4024070004238523;0.48329259068422764;0.0;0.0;0.0;0.4024070004238523;0.4024070004238523;0.4024070004238523;0.0;0.0;0.0;0.4779003363342767;0.5075575273251529;0.0;0.5440055397770694;0.0;0.4356090429793477;0.42908138832464554;0.36728239072190644;0.39247754262656587;0.0;0.0;0.0;0.34775631971058624;0.4779003363342767
GO:0043316;0.4024070004238523;0.0;0.6543811743147829;0.0;0.5070735231079719;0.3040967454057377;0.45132899529574927;0.0;0.5508670182221733;0.42908138832464554;0.2610185749042658;0.3855773354389354;0.31923965008416033;0.49808178424445;0.0;0.0;0.0;0.5988774596618195;0.0;0.0;0.4496538432558393;0.3855773354389354;0.0;0.37518728183829114;0.0;0.3855773354389354;0.3855773354389354;0.5300962932170499;0.3855773354389354;0.0;0.24138851853875337;0.6295072830436976;0.0;0.27132042453534516;0.0;0.0;0.4810423535962684;0.2799805186442958;0.22541450789500678;0.4757431408159278;0.3932038154788643;0.0;0.0;0.0;0.0;0.3205257498917414;0.48068857743567;0.48068857743567;0.3855773354389354;0.3855773354389354;0.49787201858118535;0.3855773354389354;0.0;0.7440025606004488;0.6733335965809613;0.0;0.4024070004238523;1.0;0.0;0.0;0.0;0.0;0.0;0.28367981189368235;0.0;0.28982524156017203;0.318066629543819;0.2822946568832527;0.37584037064523507;0.2918775134935041;0.4024070004238523;0.7440025606004488;0.34867829643395737;0.0;0.0;0.0;0.3855773354389354;0.3855773354389354;0.3855773354389354;0.0;0.0;0.0;0.3855773354389354;0.4907278623402359;0.0;0.5271758747921524;0.0;0.28367981189368235;0.4122517233397286;0.2750478485085872;0.27784823988918267;0.0;0.0;0.0;0.33092665472566934;0.3855773354389354
GO:0060314;0.0;0.3512470666990185;0.0;0.35740860354869686;0.4047173967689824;0.0;0.3316579321213646;0.5942583982410645;0.0;0.3094103251502608;0.0;0.2659062722645507;0.0;0.0;0.5146742922043666;0.5270201233919278;0.5414197938983609;0.32644628745013027;0.41375185201123127;0.2770919213720756;0.32998278008145465;0.2659062722645507;0.4219513810853102;0.0;0.2659062722645507;0.2659062722645507;0.2659062722645507;0.32644628745013027;0.0;0.34101525008537675;0.0;0.0;0.32657207029941054;0.0;0.4401432766030688;0.2942840624933535;0.0;0.0;0.0;0.0;0.0;0.48811667096043687;0.4219513810853102;0.2858921396628167;0.0;0.0;0.0;0.0;0.0;0.2659062722645507;0.39551589224219585;0.2659062722645507;0.6177275224127345;0.0;0.0;0.0;0.0;0.0;1.0;0.3715659973049156;0.5619922488295547;0.4308663645789536;0.3663019628162833;0.3790045959402334;0.4147250640585396;0.0;0.0;0.0;0.0;0.0;0.28273593724946766;0.0;0.0;0.2504175334712824;0.4446126180747268;0.3217805637418816;0.0;0.3028512654654583;0.0;0.38494633716555055;0.4814285922528455;0.5412080352793247;0.0;0.3710567991658512;0.28365310775440516;0.42481974845316306;0.37728212967244656;0.0;0.0;0.0;0.0;0.35940195764607347;0.22361497890962173;0.3607290679588883;0.0;0.0
GO:0032515;0.0;0.32973026196475147;0.0;0.44460280556083565;0.39438740200262784;0.0;0.33864287419040523;0.3970753661299171;0.0;0.31639526721930145;0.0;0.33908920572782525;0.0;0.0;0.2996606200687574;0.2579103504536949;0.25727430887945557;0.27289121433359137;0.31612780891731335;0.34936843297024184;0.3369677221504953;0.27289121433359137;0.3338968075977395;0.0;0.39422451954623194;0.27289121433359137;0.27289121433359137;0.27289121433359137;0.0;0.24339120699145883;0.0;0.0;0.4072329479898149;0.0;0.44712821867210945;0.4758565620122467;0.0;0.0;0.0;0.0;0.0;0.30372492486208585;0.24742958596357933;0.5172570303618654;0.0;0.0;0.0;0.0;0.0;0.27289121433359137;0.3851858974758413;0.27289121433359137;0.31356964777796215;0.0;0.0;0.0;0.0;0.0;0.3715659973049156;1.0;0.2778467638106494;0.5479395668525424;0.4714408239213821;0.2219732944170597;0.3016122821713534;0.0;0.0;0.0;0.0;0.0;0.3493855463910078;0.0;0.0;0.37857785094071206;0.2602208719763758;0.49550495244439396;0.0;0.36950087460699843;0.0;0.374616342399196;0.3559188707127422;0.3960908043306374;0.0;0.37804174123489187;0.35445214910816736;0.4144897536868085;0.46447633168458535;0.0;0.0;0.0;0.0;0.44154030558088186;0.21883307849767425;0.3537027414790647;0.0;0.0
GO:0051057;0.0;0.35820439148884897;0.0;0.4674899171677044;0.4252898517001762;0.0;0.3522303870525584;0.7460701985068157;0.0;0.32998278008145465;0.0;0.34648757854142564;0.0;0.0;0.4366017894384338;0.7224827402927423;0.6897707756994211;0.3979044471645088;0.43653911730267536;0.39047690327761403;0.3505552350126484;0.2864787271957445;0.44252383601650397;0.0;0.34648757854142564;0.2864787271957445;0.2864787271957445;0.3979044471645088;0.0;0.36380251537682085;0.0;0.0;0.34714452523060435;0.0;0.3082974092050674;0.3148565174245473;0.0;0.0;0.0;0.0;0.0;0.5086891258916306;0.548132003918546;0.3932760005013523;0.0;0.0;0.0;0.0;0.0;0.2864787271957445;0.41608834717338966;0.2864787271957445;0.6382999773439282;0.0;0.0;0.0;0.0;0.0;0.5619922488295547;0.2778467638106494;1.0;0.409947268443165;0.4765867493406238;0.23556080727921286;0.4220235905567154;0.0;0.0;0.0;0.0;0.0;0.3033083921806614;0.0;0.0;0.36380251537682085;0.5809356795472096;0.34235301867307544;0.0;0.38343257174233325;0.0;0.40551879209674435;0.27135246453883716;0.5617804902105186;0.0;0.391629254097045;0.39373442137341264;0.4453922033843568;0.39785458460364037;0.0;0.0;0.0;0.0;0.3799744125772673;0.24418743384081554;0.47411404986442673;0.0;0.0
GO:0045860;0.0;0.30480783367250547;0.0;0.5944996115335133;0.4536877692766659;0.0;0.39794324146444326;0.5318733235429046;0.0;0.37569563449333954;0.0;0.4561823360718393;0.0;0.0;0.4298809118561428;0.30631632321930463;0.3893748135119712;0.37263304872355657;0.44944829608589676;0.48109304250727275;0.3962680894245333;0.3321915816076294;0.2949631107566292;0.0;0.505040986693321;0.3321915816076294;0.3321915816076294;0.37263304872355657;0.0;0.37671169416004224;0.0;0.0;0.36829925114870465;0.0;0.5960113591077807;0.5351569292862848;0.0;0.0;0.0;0.0;0.0;0.35023400612332745;0.3795300905960949;0.6759727655420633;0.0;0.0;0.0;0.0;0.0;0.3321915816076294;0.44448626474987935;0.3321915816076294;0.3600787290392037;0.0;0.0;0.0;0.0;0.0;0.4308663645789536;0.5479395668525424;0.409947268443165;1.0;0.6254789474663038;0.28127366169109774;0.4349327693399368;0.0;0.0;0.0;0.0;0.0;0.3490212465925463;0.0;0.0;0.5284852795841108;0.39354135914495914;0.46705515049199064;0.0;0.40951536978870573;0.0;0.41842797087996575;0.4152192379867802;0.45539117160467546;0.0;0.4373421085089299;0.48435056060307136;0.4737901209608465;0.5237766989586234;0.0;0.0;0.0;0.0;0.39888471242749146;0.26723905126328396;0.48702322864764813;0.0;0.0
GO:0010628;0.0;0.3663019628162833;0.0;0.8867531968874688;0.4939274382131901;0.0;0.4381829104009675;0.6113040904531598;0.0;0.41593530342986373;0.0;0.7061446280708659;0.0;0.0;0.5443678017894202;0.36469357832264654;0.4560142944094299;0.4293399065086368;0.5020765084344914;0.5838820211449718;0.43650775836105754;0.37243125054415366;0.35645723990040706;0.0;0.5128891938569196;0.37243125054415366;0.37243125054415366;0.4293399065086368;0.0;0.4293399065086368;0.0;0.0;0.42979338029248254;0.0;0.40741345311550153;0.5845239965741601;0.0;0.0;0.0;0.0;0.0;0.4154500315793855;0.4461695714935537;0.5947964109756267;0.0;0.0;0.0;0.0;0.0;0.37243125054415366;0.48472593368640354;0.37243125054415366;0.4252947544952617;0.0;0.0;0.0;0.0;0.0;0.3663019628162833;0.4714408239213821;0.4765867493406238;0.6254789474663038;1.0;0.334676851189647;0.5071910380540436;0.0;0.0;0.0;0.0;0.0;0.38926091552907055;0.0;0.0;0.581983041773509;0.4657996278590661;0.666712795044468;0.0;0.4716311998635658;0.0;0.4741563786097583;0.6604718441807176;0.5472168245485364;0.0;0.4775817774454541;0.5549906845250885;0.5140297898973707;0.7422267505909;0.0;0.0;0.0;0.0;0.4486119990902812;0.3128250203538295;0.5396514409962427;0.0;0.0
GO:0044375;0.4517399907618527;0.21498835234801905;0.0;0.3093163030735046;0.4319785541243794;0.2745967380636052;0.3762340263121568;0.3574868623789525;0.0;0.35398641934105307;0.24138851853875337;0.43491032577693584;0.2996095937186479;0.0;0.2905505737152129;0.2145999503904501;0.21498835234801905;0.31048236645534294;0.2610505663730804;0.2289996208968833;0.3745588742722468;0.31048236645534294;0.20514362943214276;0.0;0.2774202019796826;0.31048236645534294;0.31048236645534294;0.31048236645534294;0.43491032577693584;0.18831396444722587;0.22407358170335817;0.38309080172033005;0.27847976982421824;0.2558316857420769;0.2905505737152129;0.26265895086671714;0.40594738461267593;0.2644917798510275;0.21140323934614252;0.4006481718323353;0.3705425784894477;0.26265895086671714;0.20514362943214276;0.22603299670663624;0.0;0.0;0.0;0.0;0.40210665014827235;0.31048236645534294;0.4227770495975929;0.31048236645534294;0.2725036737825934;0.28367981189368235;0.28367981189368235;0.0;0.30050947687859925;0.28367981189368235;0.3790045959402334;0.2219732944170597;0.23556080727921286;0.28127366169109774;0.334676851189647;1.0;0.2605463081759847;0.27433650276690374;0.3025778907505507;0.26680591808998444;0.0;0.2745625766581089;0.32731203144025983;0.28367981189368235;0.33136335959856217;0.18831396444722587;0.219154897981007;0.2736882632666893;0.31048236645534294;0.31048236645534294;0.31048236645534294;0.31953909985496304;0.219154897981007;0.3902844262636239;0.28367981189368235;0.41563289335664344;0.22276952126641641;0.45208090580856003;0.32918982919725426;0.40210665014827235;0.31035419979447554;0.24224417287992372;0.22541450789500678;0.2972983886220169;0.1637558359534413;0.29862549893483176;0.44935349298025934;0.43491032577693584
GO:0050766;0.0;0.3827937539781199;0.0;0.4957790863510071;0.45589414041359616;0.0;0.38051955623586114;0.5567409316692514;0.0;0.35827194926475736;0.0;0.3747767477247284;0.0;0.0;0.6032912978101133;0.3070302241575402;0.4014511356255216;0.35520936349497445;0.5873658893458555;0.421081191991034;0.3788444041959512;0.3147678963790473;0.29879388573530075;0.0;0.3747767477247284;0.3147678963790473;0.3147678963790473;0.35520936349497445;0.0;0.514629287420001;0.0;0.0;0.37213002612737617;0.0;0.3332829101018392;0.34131948856572314;0.0;0.0;0.0;0.0;0.0;0.3577866774142791;0.39160641270964536;0.41973897164252816;0.0;0.0;0.0;0.0;0.0;0.3147678963790473;0.44669263588680963;0.3147678963790473;0.3676314003301554;0.0;0.0;0.0;0.0;0.0;0.4147250640585396;0.3016122821713534;0.4220235905567154;0.4349327693399368;0.5071910380540436;0.2605463081759847;1.0;0.0;0.0;0.0;0.0;0.0;0.33159756136396423;0.0;0.0;0.3944068040902408;0.41123646907515776;0.3661185370337794;0.0;0.4170680410796574;0.0;0.4361230808101643;0.44182533434357096;0.47308628153487403;0.0;0.4199184232803478;0.5499211560951913;0.47599649209777684;0.4228400855004122;0.0;0.0;0.0;0.0;0.4064373837184431;0.3846622408247484;0.5047183385778466;0.0;0.0
GO:0018105;0.3239698433804841;0.0;0.0;0.0;0.4286363660646037;0.4298530023797077;0.3728918382523811;0.0;0.0;0.35064423128127736;0.36531857747059643;0.30714017839556723;0.31854630939793405;0.0;0.0;0.0;0.0;0.30714017839556723;0.0;0.0;0.7114535647928035;0.30714017839556723;0.0;0.0;0.0;0.30714017839556723;0.30714017839556723;0.30714017839556723;0.30714017839556723;0.0;0.24753394820524305;0.38923623138681973;0.0;0.7369151931628157;0.0;0.0;0.6268272995753646;0.7455752872717663;0.5397489381660581;0.3973059837725596;0.46500002818213826;0.0;0.0;0.0;0.5612594307730139;0.0;0.0;0.0;0.30714017839556723;0.30714017839556723;0.41943486153781717;0.30714017839556723;0.0;0.28982524156017203;0.28982524156017203;0.0;0.4190932356564209;0.28982524156017203;0.0;0.0;0.0;0.0;0.0;0.27433650276690374;0.0;1.0;0.3874318659319736;0.7478894255107232;0.0;0.37316134392304356;0.3239698433804841;0.28982524156017203;0.8565643584163569;0.0;0.0;0.0;0.30714017839556723;0.30714017839556723;0.30714017839556723;0.0;0.0;0.0;0.43687306571799267;0.41229070529686773;0.0;0.4487387177487843;0.0;0.45953430270740925;0.3164996294609652;0.3270981480613466;0.3395020139532097;0.0;0.0;0.0;0.32158334559889074;0.49611671861948065
GO:0006090;0.3522112313641311;0.0;0.0;0.0;0.45687775404825065;0.40170336977753934;0.40113322623602804;0.0;0.0;0.3788856192649243;0.49078747099297787;0.3353815663792142;0.34678769738158105;0.0;0.0;0.0;0.0;0.3353815663792142;0.0;0.0;0.4325716580695914;0.3353815663792142;0.0;0.0;0.0;0.3353815663792142;0.3353815663792142;0.3353815663792142;0.3353815663792142;0.0;0.27577533618889;0.41747761937046673;0.0;0.3689270489071467;0.0;0.0;0.48359022477553293;0.37758714301609736;0.32571858504728024;0.42554737175620655;0.47801915383786947;0.0;0.0;0.0;0.4868752351439201;0.0;0.0;0.0;0.3353815663792142;0.3353815663792142;0.4476762495214642;0.3353815663792142;0.0;0.318066629543819;0.318066629543819;0.0;0.40495487160311683;0.318066629543819;0.0;0.0;0.0;0.0;0.0;0.3025778907505507;0.0;0.3874318659319736;1.0;0.37990128125505435;0.0;0.6099393782808586;0.3522112313641311;0.318066629543819;0.442981252519228;0.0;0.0;0.0;0.3353815663792142;0.3353815663792142;0.3353815663792142;0.0;0.0;0.0;0.3851501070783155;0.44053209328051474;0.0;0.4769801057324313;0.0;0.3482051138774079;0.3447410174446122;0.526393995518351;0.6090837239396882;0.0;0.0;0.0;0.3498247335825377;0.3684951502526875
GO:0018107;0.3164392587035649;0.0;0.0;0.0;0.4211057813876844;0.4223224177027884;0.3653612535754618;0.0;0.0;0.343113646604358;0.3577879927936771;0.2996095937186479;0.31101572472101474;0.0;0.0;0.0;0.0;0.2996095937186479;0.0;0.0;0.7039229801158844;0.2996095937186479;0.0;0.0;0.0;0.2996095937186479;0.2996095937186479;0.2996095937186479;0.2996095937186479;0.0;0.24000336352832374;0.3817056467099004;0.0;0.7293846084858964;0.0;0.0;0.6192967148984454;0.7380447025948469;0.5322183534891389;0.3897753990956403;0.45746944350521895;0.0;0.0;0.0;0.5537288460960945;0.0;0.0;0.0;0.2996095937186479;0.2996095937186479;0.41190427686089787;0.2996095937186479;0.0;0.2822946568832527;0.2822946568832527;0.0;0.4115626509795017;0.2822946568832527;0.0;0.0;0.0;0.0;0.0;0.26680591808998444;0.0;0.7478894255107232;0.37990128125505435;1.0;0.0;0.36563075924612426;0.3164392587035649;0.2822946568832527;0.8490337737394376;0.0;0.0;0.0;0.2996095937186479;0.2996095937186479;0.2996095937186479;0.0;0.0;0.0;0.42934248104107336;0.4047601206199484;0.0;0.44120813307186507;0.0;0.45200371803048994;0.3089690447840459;0.3195675633844273;0.3319714292762905;0.0;0.0;0.0;0.31405276092197143;0.48858613394256134
GO:0072659;0.0;0.0;0.5330518190614648;0.0;0.0;0.0;0.0;0.0;0.5878419076269334;0.0;0.0;0.0;0.0;0.4849886623600212;0.0;0.0;0.0;0.0;0.0;0.0;0.0;0.0;0.0;0.3759584949053894;0.0;0.0;0.0;0.0;0.0;0.0;0.0;0.0;0.0;0.0;0.0;0.0;0.0;0.0;0.0;0.0;0.0;0.0;0.0;0.0;0.0;0.32129696295883964;0.47483074388157026;0.47483074388157026;0.0;0.0;0.0;0.0;0.0;0.37584037064523507;0.37584037064523507;0.0;0.0;0.37584037064523507;0.0;0.0;0.0;0.0;0.0;0.0;0.0;0.0;0.0;0.0;1.0;0.0;0.0;0.37584037064523507;0.0;0.0;0.0;0.0;0.0;0.0;0.0;0.0;0.0;0.0;0.0;0.0;0.0;0.0;0.0;0.0;0.0;0.0;0.0;0.0;0.0;0.0;0.0;0.0
GO:0042759;0.32833723484393346;0.0;0.0;0.0;0.433003757528053;0.38743284776860926;0.37725922971583037;0.0;0.0;0.3550116227447266;0.4049921247523388;0.3115075698590165;0.31729491304473517;0.0;0.0;0.0;0.0;0.3115075698590165;0.0;0.0;0.42391992387730953;0.3115075698590165;0.0;0.0;0.0;0.3115075698590165;0.3115075698590165;0.3115075698590165;0.3115075698590165;0.0;0.24506256931597636;0.3912885033201518;0.0;0.3546565268982167;0.0;0.0;0.4779696712071552;0.3633166210071673;0.3102280805022824;0.4016733752360089;0.615783101074131;0.0;0.0;0.0;0.4842297811154268;0.0;0.0;0.0;0.3115075698590165;0.3115075698590165;0.42380225300126645;0.3115075698590165;0.0;0.2918775134935041;0.2918775134935041;0.0;0.3993343180347391;0.2918775134935041;0.0;0.0;0.0;0.0;0.0;0.2745625766581089;0.0;0.37316134392304356;0.6099393782808586;0.36563075924612426;0.0;1.0;0.32833723484393346;0.2918775134935041;0.43018820075470193;0.0;0.0;0.0;0.3115075698590165;0.3115075698590165;0.3115075698590165;0.0;0.0;0.0;0.3825046530498222;0.416658096760317;0.0;0.45310610921223365;0.0;0.3598434160604056;0.3185519013942973;0.542178245415234;0.6339609586999098;0.0;0.0;0.0;0.3218094194900959;0.3598434160604056
GO:0044819;0.41923666540876925;0.3424006043219671;0.0;0.37706388797495316;0.5390614907532881;0.32092641039065467;0.4833169629410655;0.4326794331391761;0.0;0.4610693559699618;0.30050947687859925;0.41756530308425166;0.35873055205849386;0.0;0.3492759556268806;0.27965008251142687;0.28273593724946766;0.41756530308425166;0.32879815127452894;0.30005087408486286;0.4816418109011556;0.41756530308425166;0.3325558814060908;0.0;0.41756530308425166;0.41756530308425166;0.41756530308425166;0.41756530308425166;0.4024070004238523;0.2560615493486744;0.27784823988918267;0.5018179902505;0.40589202179816625;0.30546502635565725;0.3443252319010374;0.3172430152061407;0.49787201858118535;0.3141251204646079;0.257732911673192;0.49257280580084467;0.4368360350254418;0.33371020405469665;0.27289121433359137;0.2888387027597369;0.0;0.0;0.0;0.0;0.4024070004238523;0.41756530308425166;0.5298599862265017;0.41756530308425166;0.34355492697057294;0.4024070004238523;0.4024070004238523;0.0;0.41923666540876925;0.4024070004238523;0.28273593724946766;0.3493855463910078;0.3033083921806614;0.3490212465925463;0.38926091552907055;0.32731203144025983;0.33159756136396423;0.3239698433804841;0.3522112313641311;0.3164392587035649;0.0;0.32833723484393346;1.0;0.4024070004238523;0.38513801778438667;0.2560615493486744;0.29020615116898657;0.3984030624601655;0.6073804411759228;0.7543479213398382;0.6073804411759228;0.5449395517995135;0.2737389623204306;0.454356108329313;0.4024070004238523;0.5227158299855522;0.2878196533873931;0.5591638424374687;0.39693741409870287;0.32731203144025983;0.42908138832464554;0.29187751349350416;0.2946779048740996;0.4420255774313601;0.22656154200654188;0.3663730838362803;0.3745588742722468;0.4024070004238523
GO:0043320;0.4024070004238523;0.0;0.6543811743147829;0.0;0.5070735231079719;0.3040967454057377;0.45132899529574927;0.0;0.5508670182221733;0.42908138832464554;0.2610185749042658;0.3855773354389354;0.31923965008416033;0.49808178424445;0.0;0.0;0.0;0.5988774596618195;0.0;0.0;0.4496538432558393;0.3855773354389354;0.0;0.37518728183829114;0.0;0.3855773354389354;0.3855773354389354;0.5300962932170499;0.3855773354389354;0.0;0.24138851853875337;0.6295072830436976;0.0;0.27132042453534516;0.0;0.0;0.4810423535962684;0.2799805186442958;0.22541450789500678;0.4757431408159278;0.3932038154788643;0.0;0.0;0.0;0.0;0.3205257498917414;0.48068857743567;0.48068857743567;0.3855773354389354;0.3855773354389354;0.49787201858118535;0.3855773354389354;0.0;0.7440025606004488;0.6733335965809613;0.0;0.4024070004238523;0.7440025606004488;0.0;0.0;0.0;0.0;0.0;0.28367981189368235;0.0;0.28982524156017203;0.318066629543819;0.2822946568832527;0.37584037064523507;0.2918775134935041;0.4024070004238523;1.0;0.34867829643395737;0.0;0.0;0.0;0.3855773354389354;0.3855773354389354;0.3855773354389354;0.0;0.0;0.0;0.3855773354389354;0.4907278623402359;0.0;0.5271758747921524;0.0;0.28367981189368235;0.4122517233397286;0.2750478485085872;0.27784823988918267;0.0;0.0;0.0;0.33092665472566934;0.3855773354389354
GO:0006468;0.38513801778438667;0.0;0.0;0.0;0.48980454046850624;0.48687985921136606;0.43406001265628363;0.0;0.0;0.41181240568517985;0.42417163234438177;0.3683083527994698;0.3740956959851884;0.0;0.0;0.0;0.0;0.3683083527994698;0.0;0.0;0.7952829761861226;0.3683083527994698;0.0;0.0;0.0;0.3683083527994698;0.3683083527994698;0.3683083527994698;0.3683083527994698;0.0;0.30186335225642963;0.448089286260605;0.0;0.8380595413915299;0.0;0.0;0.7106567109686838;0.8467196355004806;0.5569263888126752;0.45847415817646214;0.5261682025860408;0.0;0.0;0.0;0.6296001033730646;0.0;0.0;0.0;0.3683083527994698;0.3683083527994698;0.48060303594171966;0.3683083527994698;0.0;0.34867829643395737;0.34867829643395737;0.0;0.48329259068422764;0.34867829643395737;0.0;0.0;0.0;0.0;0.0;0.33136335959856217;0.0;0.8565643584163569;0.442981252519228;0.8490337737394376;0.0;0.43018820075470193;0.38513801778438667;0.34867829643395737;1.0;0.0;0.0;0.0;0.3683083527994698;0.3683083527994698;0.3683083527994698;0.0;0.0;0.0;0.5010724207457994;0.4734588797007702;0.0;0.5099068921526868;0.0;0.52787497530746;0.3753526843347505;0.38264753464860096;0.39652887078486815;0.0;0.0;0.0;0.37861020243054916;0.5400967238277583
GO:1904716;0.0;0.23640626492241817;0.0;0.5438312076445704;0.3976730652337016;0.0;0.3222984810559666;0.4985198564893569;0.0;0.28273593724946766;0.0;0.400167632028875;0.0;0.0;0.3893549466064468;0.24880914897764567;0.34323006044562704;0.2796733514796847;0.4089223308362008;0.45722719317999044;0.3206233290160566;0.25654682119915273;0.24057281055540614;0.0;0.5660950242641927;0.23923188436375753;0.23923188436375753;0.2796733514796847;0.0;0.33618572891034626;0.0;0.0;0.3139089509474816;0.0;0.2610505663730804;0.49166102359349;0.0;0.0;0.0;0.0;0.0;0.29956560223438455;0.33338533752975075;0.4978027430934339;0.0;0.0;0.0;0.0;0.0;0.25654682119915273;0.3884715607069151;0.23923188436375753;0.3094103251502608;0.0;0.0;0.0;0.0;0.0;0.2504175334712824;0.37857785094071206;0.36380251537682085;0.5284852795841108;0.581983041773509;0.18831396444722587;0.3944068040902408;0.0;0.0;0.0;0.0;0.0;0.2560615493486744;0.0;0.0;1.0;0.35301539389526315;0.4035954605902513;0.0;0.35884696589976284;0.0;0.37790200563026977;0.3592045339438159;0.39523514998946707;0.0;0.34438241126505803;0.7453862075234032;0.4177754169178822;0.463620677343415;0.0;0.0;0.0;0.0;0.34821630853854857;0.209731877021625;0.44649726339795215;0.0;0.0
GO:0045747;0.0;0.3432759524350472;0.0;0.4543876761560295;0.4145027302186185;0.0;0.3391281460408835;0.7752592508500697;0.0;0.31688053906977975;0.0;0.33338533752975075;0.0;0.0;0.4288458485807803;0.4343542651405377;0.5603632246160157;0.3848022061528339;0.42575199582111767;0.3796897817960564;0.33745299400097356;0.2733764861840696;0.4347678951588505;0.0;0.33338533752975075;0.2733764861840696;0.2733764861840696;0.3848022061528339;0.0;0.35301539389526315;0.0;0.0;0.3307386159323985;0.0;0.29189149990686153;0.2999280783707455;0.0;0.0;0.0;0.0;0.0;0.5050745026062211;0.5505185017001395;0.37834756144755055;0.0;0.0;0.0;0.0;0.0;0.2733764861840696;0.405301225691832;0.2733764861840696;0.5149192255220975;0.0;0.0;0.0;0.0;0.0;0.4446126180747268;0.2602208719763758;0.5809356795472096;0.39354135914495914;0.4657996278590661;0.219154897981007;0.41123646907515776;0.0;0.0;0.0;0.0;0.0;0.29020615116898657;0.0;0.0;0.35301539389526315;1.0;0.3247271268388018;0.0;0.37567663088467973;0.0;0.39473167061518666;0.2564240254850354;0.558165866925109;0.0;0.3785270130853702;0.38063218036173774;0.4346050819027992;0.3814486753054346;0.0;0.0;0.0;0.0;0.36504597352346546;0.22656154200654188;0.46332692838286904;0.0;0.0
GO:0000122;0.0;0.4082477853760417;0.0;0.71753415703748;0.4588936568650539;0.0;0.387660390259563;0.4615816209923432;0.0;0.3654127832884592;0.0;0.5637281427825378;0.0;0.0;0.3781781434800477;0.32241660531612093;0.3217805637418816;0.32190873040274914;0.3806340637797394;0.4607308206076486;0.385985238219653;0.32190873040274914;0.3984030624601655;0.0;0.388106721796983;0.32190873040274914;0.32190873040274914;0.32190873040274914;0.0;0.3078974618538849;0.0;0.0;0.47173920285224097;0.0;0.34642486519254384;0.5008741716617859;0.0;0.0;0.0;0.0;0.0;0.3682311797245119;0.31193584082600534;0.43637261400131366;0.0;0.0;0.0;0.0;0.0;0.32190873040274914;0.4496921523382673;0.32190873040274914;0.37807590264038815;0.0;0.0;0.0;0.0;0.0;0.3217805637418816;0.49550495244439396;0.34235301867307544;0.46705515049199064;0.666712795044468;0.2736882632666893;0.3661185370337794;0.0;0.0;0.0;0.0;0.0;0.3984030624601655;0.0;0.0;0.4035954605902513;0.3247271268388018;1.0;0.0;0.4340071294694245;0.0;0.43912259726162206;0.551190841835828;0.47608579798633177;0.0;0.4270592573040496;0.4189584039705934;0.4789960085492345;0.8553921965369784;0.0;0.0;0.0;0.0;0.506046560443308;0.2833393333601003;0.4182089963414908;0.0;0.0
GO:0000086;0.4024070004238523;0.0;0.0;0.0;0.5070735231079719;0.3040967454057377;0.45132899529574927;0.0;0.0;0.42908138832464554;0.28367981189368235;0.3855773354389354;0.3419008870735769;0.0;0.0;0.0;0.0;0.3855773354389354;0.0;0.0;0.4496538432558393;0.3855773354389354;0.0;0.0;0.0;0.3855773354389354;0.3855773354389354;0.3855773354389354;0.3855773354389354;0.0;0.2610185749042658;0.4849883252655831;0.0;0.28863536137074036;0.0;0.0;0.4810423535962684;0.297295455479691;0.24090324668827506;0.4757431408159278;0.4200063700405249;0.0;0.0;0.0;0.0;0.0;0.0;0.0;0.3855773354389354;0.3855773354389354;0.49787201858118535;0.3855773354389354;0.0;0.3855773354389354;0.3855773354389354;0.0;0.4024070004238523;0.3855773354389354;0.0;0.0;0.0;0.0;0.0;0.31048236645534294;0.0;0.30714017839556723;0.3353815663792142;0.2996095937186479;0.0;0.3115075698590165;0.6073804411759228;0.3855773354389354;0.3683083527994698;0.0;0.0;0.0;1.0;0.5905507761910059;0.7603417023523814;0.0;0.0;0.0;0.3855773354389354;0.4907278623402359;0.0;0.5271758747921524;0.0;0.31048236645534294;0.4122517233397286;0.2750478485085872;0.27784823988918267;0.0;0.0;0.0;0.35772920928732993;0.3855773354389354
GO:0006977;0.4024070004238523;0.38517716952737435;0.0;0.457188067536625;0.7170000585953863;0.3040967454057377;0.6612555307831637;0.5253224110510175;0.0;0.5620410514256944;0.28367981189368235;0.4607444894450159;0.5763294514470103;0.0;0.438818738157524;0.2956240931551734;0.36286011681113944;0.5185369985399844;0.43158356782561735;0.385521353800556;0.6595803787432537;0.5955038709263498;0.37533244661149806;0.0;0.4607444894450159;0.5185369985399844;0.5185369985399844;0.5185369985399844;0.3855773354389354;0.35884696589976284;0.4092781021407852;0.4849883252655831;0.44866858700357354;0.28863536137074036;0.3501568039055371;0.34270464357615277;0.4810423535962684;0.297295455479691;0.24090324668827506;0.4757431408159278;0.4200063700405249;0.35917183242470874;0.35301539389526315;0.3788328332980288;0.0;0.0;0.0;0.0;0.3855773354389354;0.5955038709263498;0.6308316816822342;0.5955038709263498;0.369016555340585;0.3855773354389354;0.3855773354389354;0.5661976446388071;0.4024070004238523;0.3855773354389354;0.3028512654654583;0.36950087460699843;0.38343257174233325;0.40951536978870573;0.4716311998635658;0.31048236645534294;0.4170680410796574;0.30714017839556723;0.3353815663792142;0.2996095937186479;0.0;0.3115075698590165;0.7543479213398382;0.3855773354389354;0.3683083527994698;0.35884696589976284;0.37567663088467973;0.4340071294694245;0.5905507761910059;1.0;0.5905507761910059;0.6526686473492662;0.29920059069044264;0.4971326735347201;0.3855773354389354;0.6236875254412848;0.38343257174233325;0.6601355378932015;0.4170527423146935;0.31048236645534294;0.4122517233397286;0.2750478485085872;0.27784823988918267;0.4942897603630328;0.25654682119915273;0.4691585003873687;0.35772920928732993;0.3855773354389354
GO:0000082;0.4024070004238523;0.0;0.0;0.0;0.5070735231079719;0.3040967454057377;0.45132899529574927;0.0;0.0;0.42908138832464554;0.28367981189368235;0.3855773354389354;0.3419008870735769;0.0;0.0;0.0;0.0;0.3855773354389354;0.0;0.0;0.4496538432558393;0.3855773354389354;0.0;0.0;0.0;0.3855773354389354;0.3855773354389354;0.3855773354389354;0.3855773354389354;0.0;0.2610185749042658;0.4849883252655831;0.0;0.28863536137074036;0.0;0.0;0.4810423535962684;0.297295455479691;0.24090324668827506;0.4757431408159278;0.4200063700405249;0.0;0.0;0.0;0.0;0.0;0.0;0.0;0.3855773354389354;0.3855773354389354;0.49787201858118535;0.3855773354389354;0.0;0.3855773354389354;0.3855773354389354;0.0;0.4024070004238523;0.3855773354389354;0.0;0.0;0.0;0.0;0.0;0.31048236645534294;0.0;0.30714017839556723;0.3353815663792142;0.2996095937186479;0.0;0.3115075698590165;0.6073804411759228;0.3855773354389354;0.3683083527994698;0.0;0.0;0.0;0.7603417023523814;0.5905507761910059;1.0;0.0;0.0;0.0;0.3855773354389354;0.4907278623402359;0.0;0.5271758747921524;0.0;0.31048236645534294;0.4122517233397286;0.2750478485085872;0.27784823988918267;0.0;0.0;0.0;0.35772920928732993;0.3855773354389354
GO:0032465;0.0;0.36763140033015534;0.0;0.4792742878910361;0.5488619848503834;0.0;0.4663149024765002;0.5402361332092804;0.0;0.4214060585159799;0.0;0.37790200563026977;0.0;0.0;0.4341714187075683;0.38003428438538284;0.38494633716555055;0.37790200563026977;0.4506386075561243;0.40457639353106295;0.4646397504365902;0.40056324261968634;0.37510161424967425;0.0;0.37790200563026977;0.37790200563026977;0.37790200563026977;0.37790200563026977;0.0;0.37790200563026977;0.0;0.0;0.44843775464174973;0.0;0.39227570178081755;0.4021384782868284;0.0;0.0;0.0;0.0;0.0;0.4382357235008968;0.37510161424967425;0.4032341731825571;0.0;0.0;0.0;0.0;0.0;0.40056324261968634;0.5396604803235969;0.37790200563026977;0.448080446416773;0.0;0.0;0.0;0.0;0.0;0.38494633716555055;0.374616342399196;0.40551879209674435;0.41842797087996575;0.4741563786097583;0.31953909985496304;0.4361230808101643;0.0;0.0;0.0;0.0;0.0;0.5449395517995135;0.0;0.0;0.37790200563026977;0.39473167061518666;0.43912259726162206;0.0;0.6526686473492662;0.0;1.0;0.3586344254011183;0.5392515714100007;0.0;0.48305253253157027;0.40551879209674435;0.568964336534564;0.49914781401478575;0.0;0.0;0.0;0.0;0.4868864298050608;0.34095701242936216;0.48821354011787566;0.0;0.0
GO:0010793;0.0;0.34140234378314227;0.0;0.6068312712585104;0.3784054850045501;0.0;0.3226609571923275;0.39658218792510774;0.0;0.3004133502212238;0.0;0.45302525700356816;0.0;0.0;0.6845799825531185;0.24917162511400665;0.2507800096076434;0.25690929733551365;0.43671080472401846;0.36290281161329613;0.3209858051524176;0.25690929733551365;0.24093528669176711;0.0;0.3395744775783035;0.25690929733551365;0.25690929733551365;0.25690929733551365;0.0;0.36397420279816395;0.0;0.0;0.31427142708384254;0.0;0.29189149990686153;0.4690020433655201;0.0;0.0;0.0;0.0;0.0;0.2999280783707455;0.24093528669176711;0.3845367014961033;0.0;0.0;0.0;0.0;0.0;0.25690929733551365;0.36920398047776365;0.25690929733551365;0.30977280128662177;0.0;0.0;0.0;0.0;0.0;0.4814285922528455;0.3559188707127422;0.27135246453883716;0.4152192379867802;0.6604718441807176;0.219154897981007;0.44182533434357096;0.0;0.0;0.0;0.0;0.0;0.2737389623204306;0.0;0.0;0.3592045339438159;0.2564240254850354;0.551190841835828;0.0;0.29920059069044264;0.0;0.3586344254011183;1.0;0.4316948713398964;0.0;0.3620598242368142;0.3465302733435823;0.3985078366887308;0.6267047973822601;0.0;0.0;0.0;0.0;0.3330900458816412;0.19730306714518947;0.33441715619445606;0.0;0.0
GO:0050776;0.0;0.5771381235423674;0.0;0.5162374886157458;0.5590226310134325;0.0;0.5032781032012099;0.7138127681584497;0.0;0.48103049623010613;0.0;0.43752644334439605;0.0;0.0;0.5102630452702506;0.5309496823451356;0.5412080352793247;0.6082457596419599;0.4679717519153216;0.44153959425577266;0.5016029511613;0.43752644334439605;0.5313633123634485;0.0;0.43752644334439605;0.43752644334439605;0.43752644334439605;0.5814432050802993;0.0;0.39523514998946707;0.0;0.0;0.6406295410185665;0.0;0.46302102818947843;0.4751989242256065;0.0;0.0;0.0;0.0;0.0;0.6016699198108192;0.5313633123634485;0.42470863511399853;0.0;0.0;0.0;0.0;0.0;0.43752644334439605;0.5498211264866459;0.43752644334439605;0.6115146427266955;0.0;0.0;0.0;0.0;0.0;0.5412080352793247;0.3960908043306374;0.5617804902105186;0.45539117160467546;0.5472168245485364;0.3902844262636239;0.47308628153487403;0.0;0.0;0.0;0.0;0.0;0.454356108329313;0.0;0.0;0.39523514998946707;0.558165866925109;0.47608579798633177;0.0;0.4971326735347201;0.0;0.5392515714100007;0.4316948713398964;1.0;0.0;0.5426769702456966;0.42516705598605886;0.5791249826976131;0.5361110147394954;0.0;0.0;0.0;0.0;0.5042195741642581;0.3624314743608036;0.505546684477073;0.0;0.0
GO:0022417;0.4024070004238523;0.0;0.0;0.0;0.5070735231079719;0.4391963115064863;0.45132899529574927;0.0;0.0;0.42908138832464554;0.35917314780410675;0.3855773354389354;0.31923965008416033;0.0;0.0;0.0;0.0;0.3855773354389354;0.0;0.0;0.5597566742127523;0.3855773354389354;0.0;0.0;0.0;0.3855773354389354;0.3855773354389354;0.3855773354389354;0.3855773354389354;0.0;0.24138851853875337;0.4849883252655831;0.0;0.4183682486931658;0.0;0.0;0.5911451845531814;0.42702834280211643;0.3683210144805833;0.4757431408159278;0.46834221624191397;0.0;0.0;0.0;0.7963773483891423;0.0;0.0;0.0;0.3855773354389354;0.3855773354389354;0.49787201858118535;0.3855773354389354;0.0;0.3855773354389354;0.3855773354389354;0.0;0.4779003363342767;0.3855773354389354;0.0;0.0;0.0;0.0;0.0;0.28367981189368235;0.0;0.43687306571799267;0.3851501070783155;0.42934248104107336;0.0;0.3825046530498222;0.4024070004238523;0.3855773354389354;0.5010724207457994;0.0;0.0;0.0;0.3855773354389354;0.3855773354389354;0.3855773354389354;0.0;0.0;0.0;1.0;0.4907278623402359;0.0;0.5271758747921524;0.0;0.45338887304091946;0.4122517233397286;0.3474776261971051;0.3756478776416489;0.0;0.0;0.0;0.33092665472566934;0.49568016639584844
GO:0007169;0.5075575273251529;0.3710567991658512;0.0;0.4653847498913367;0.7451837131103213;0.4092472723070382;0.6894391852980987;0.5210002950555597;0.0;0.8364560024391565;0.38883033879498285;0.5058861650006352;0.4470514139748774;0.0;0.4375968175432642;0.3679709444278104;0.3710567991658512;0.660449694459289;0.41711901319091255;0.3883717360012464;0.6877640332581887;0.6236875254412848;0.361212076249975;0.0;0.5058861650006352;0.6236875254412848;0.660449694459289;0.660449694459289;0.4907278623402359;0.34438241126505803;0.3661691018055663;0.5901388521668836;0.4345482166420504;0.39378588827204086;0.43264609381742103;0.4055638771225243;0.5861928804975689;0.40244598238099144;0.3460537735895756;0.5808936677172283;0.5251568969418254;0.42203106597108025;0.361212076249975;0.37715956467612044;0.0;0.0;0.0;0.0;0.4907278623402359;0.6236875254412848;0.7359822085835348;0.6236875254412848;0.43187578888695655;0.4907278623402359;0.4907278623402359;0.0;0.5075575273251529;0.4907278623402359;0.3710567991658512;0.37804174123489187;0.391629254097045;0.4373421085089299;0.4775817774454541;0.41563289335664344;0.4199184232803478;0.41229070529686773;0.44053209328051474;0.4047601206199484;0.0;0.416658096760317;0.5227158299855522;0.4907278623402359;0.4734588797007702;0.34438241126505803;0.3785270130853702;0.4270592573040496;0.4907278623402359;0.6236875254412848;0.4907278623402359;0.48305253253157027;0.3620598242368142;0.5426769702456966;0.4907278623402359;1.0;0.37614051530377673;0.8020482338125061;0.4852582760150864;0.41563289335664344;0.5174022502410291;0.3801983754098877;0.3829987667904832;0.45336683543984907;0.3148824039229255;0.4546939457526639;0.46287973618863043;0.4907278623402359
GO:1903599;0.0;0.2708618217416087;0.0;0.5297081388208734;0.4252898517001762;0.0;0.3522303870525584;0.5231054623319273;0.0;0.31449404128818637;0.0;0.3913908633591995;0.0;0.0;0.4169717330729214;0.2832647057968362;0.37316196644221883;0.3114314555184034;0.43653911730267536;0.47767148145031685;0.3505552350126484;0.2864787271957445;0.2738083848385289;0.0;0.5090729625730985;0.27098998840247623;0.27098998840247623;0.3114314555184034;0.0;0.36380251537682085;0.0;0.0;0.34714452523060435;0.0;0.29550612319227093;0.3900343262292924;0.0;0.0;0.0;0.0;0.0;0.33132370627310326;0.36331724352634254;0.47098296094778963;0.0;0.0;0.0;0.0;0.0;0.2864787271957445;0.41608834717338966;0.27098998840247623;0.3411684291889795;0.0;0.0;0.0;0.0;0.0;0.28365310775440516;0.35445214910816736;0.39373442137341264;0.48435056060307136;0.5549906845250885;0.22276952126641641;0.5499211560951913;0.0;0.0;0.0;0.0;0.0;0.2878196533873931;0.0;0.0;0.7453862075234032;0.38063218036173774;0.4189584039705934;0.0;0.38343257174233325;0.0;0.40551879209674435;0.3465302733435823;0.42516705598605886;0.0;0.37614051530377673;1.0;0.4453922033843568;0.4771574226816302;0.0;0.0;0.0;0.0;0.3799744125772673;0.4238508627137169;0.47411404986442673;0.0;0.0
GO:0007166;0.5440055397770694;0.40750481161776786;0.0;0.5191476991786486;0.7816317255622379;0.44569528475895487;0.7258871977500152;0.5801095444968929;0.0;0.7404017597969157;0.42527835124689944;0.5423341774525519;0.48349942642679405;0.0;0.47404482999518077;0.41990769567299535;0.42481974845316306;0.6968977069112057;0.49051201884373674;0.44444980481867546;0.7242120457101053;0.6601355378932015;0.41497502553728677;0.0;0.5423341774525519;0.6601355378932015;0.6968977069112057;0.6968977069112057;0.5271758747921524;0.4177754169178822;0.40261711425748287;0.6265868646188002;0.4883111659293622;0.43023390072395745;0.4690941062693376;0.4420118895744409;0.6226408929494855;0.4388939948329081;0.3825017860414922;0.6173416801691449;0.561604909393742;0.47810913478850925;0.41497502553728677;0.4431075844701696;0.0;0.0;0.0;0.0;0.5271758747921524;0.6601355378932015;0.7724302210354513;0.6601355378932015;0.48795385770438554;0.5271758747921524;0.5271758747921524;0.0;0.5440055397770694;0.5271758747921524;0.42481974845316306;0.4144897536868085;0.4453922033843568;0.4737901209608465;0.5140297898973707;0.45208090580856003;0.47599649209777684;0.4487387177487843;0.4769801057324313;0.44120813307186507;0.0;0.45310610921223365;0.5591638424374687;0.5271758747921524;0.5099068921526868;0.4177754169178822;0.4346050819027992;0.4789960085492345;0.5271758747921524;0.6601355378932015;0.5271758747921524;0.568964336534564;0.3985078366887308;0.5791249826976131;0.5271758747921524;0.8020482338125061;0.4453922033843568;1.0;0.5390212253023983;0.45208090580856003;0.5538502626929458;0.41664638786180436;0.4194467792423998;0.5267598410926733;0.3808304237169746;0.5280869514054881;0.499327748640547;0.5271758747921524
GO:0006357;0.0;0.37728212967244656;0.0;0.8025357303101776;0.5189188736182175;0.0;0.4458594089705998;0.51978063970338;0.0;0.423611801999496;0.0;0.6392420983289698;0.0;0.0;0.43637716219108447;0.3768937277148776;0.37728212967244656;0.3801077491137859;0.43735561224637215;0.5230711568909295;0.44418425693068986;0.3801077491137859;0.36743740675657033;0.0;0.4463057405080198;0.3801077491137859;0.3801077491137859;0.3801077491137859;0.0;0.36461901032051763;0.0;0.0;0.44077354714864575;0.0;0.4019264311231088;0.5662456885689711;0.0;0.0;0.0;0.0;0.0;0.42495272819114466;0.36743740675657033;0.49309416246794646;0.0;0.0;0.0;0.0;0.0;0.3801077491137859;0.5097173690914311;0.3801077491137859;0.43479745110702095;0.0;0.0;0.0;0.0;0.0;0.37728212967244656;0.46447633168458535;0.39785458460364037;0.5237766989586234;0.7422267505909;0.32918982919725426;0.4228400855004122;0.0;0.0;0.0;0.0;0.0;0.39693741409870287;0.0;0.0;0.463620677343415;0.3814486753054346;0.8553921965369784;0.0;0.4170527423146935;0.0;0.49914781401478575;0.6267047973822601;0.5361110147394954;0.0;0.4852582760150864;0.4771574226816302;0.5390212253023983;1.0;0.0;0.0;0.0;0.0;0.4736034344953087;0.33781645575885694;0.4749305448081235;0.0;0.0
GO:1990000;0.4517399907618527;0.0;0.0;0.0;0.4319785541243794;0.4165350745170697;0.3762340263121568;0.0;0.0;0.35398641934105307;0.3365119108146902;0.43491032577693584;0.2996095937186479;0.0;0.0;0.0;0.0;0.31048236645534294;0.0;0.0;0.48466170522915986;0.31048236645534294;0.0;0.0;0.0;0.31048236645534294;0.31048236645534294;0.31048236645534294;0.43491032577693584;0.0;0.22407358170335817;0.38309080172033005;0.0;0.4410294856825824;0.0;0.0;0.5911451845531814;0.449689579791533;0.3879510708460957;0.4006481718323353;0.4415396616802534;0.0;0.0;0.0;0.5974052944614531;0.0;0.0;0.0;0.40210665014827235;0.31048236645534294;0.4227770495975929;0.31048236645534294;0.0;0.28367981189368235;0.28367981189368235;0.0;0.4356090429793477;0.28367981189368235;0.0;0.0;0.0;0.0;0.0;0.40210665014827235;0.0;0.45953430270740925;0.3482051138774079;0.45200371803048994;0.0;0.3598434160604056;0.32731203144025983;0.28367981189368235;0.52787497530746;0.0;0.0;0.0;0.31048236645534294;0.31048236645534294;0.31048236645534294;0.0;0.0;0.0;0.45338887304091946;0.41563289335664344;0.0;0.45208090580856003;0.0;1.0;0.31035419979447554;0.3051863328421761;0.32618408609057176;0.0;0.0;0.0;0.6861184440869668;0.45338887304091946
GO:0030318;0.42908138832464554;0.0;0.0;0.0;0.5337479110087651;0.3307711333065309;0.47800338319654245;0.0;0.0;0.45575577622543867;0.28769296280505896;0.4122517233397286;0.3459140379849535;0.0;0.0;0.0;0.0;0.4122517233397286;0.0;0.0;0.47632823115663253;0.4122517233397286;0.0;0.0;0.0;0.4122517233397286;0.4122517233397286;0.4122517233397286;0.4122517233397286;0.0;0.26806290643954656;0.5116627131663762;0.0;0.29799481243613835;0.0;0.0;0.5077167414970616;0.3066549065450889;0.2520888957958;0.502417528716721;0.4198782033796575;0.0;0.0;0.0;0.0;0.0;0.0;0.0;0.4122517233397286;0.4122517233397286;0.5245464064819785;0.4122517233397286;0.0;0.4122517233397286;0.4122517233397286;0.0;0.42908138832464554;0.4122517233397286;0.0;0.0;0.0;0.0;0.0;0.31035419979447554;0.0;0.3164996294609652;0.3447410174446122;0.3089690447840459;0.0;0.3185519013942973;0.42908138832464554;0.4122517233397286;0.3753526843347505;0.0;0.0;0.0;0.4122517233397286;0.4122517233397286;0.4122517233397286;0.0;0.0;0.0;0.4122517233397286;0.5174022502410291;0.0;0.5538502626929458;0.0;0.31035419979447554;1.0;0.3017222364093804;0.3045226277899759;0.0;0.0;0.0;0.35760104262646253;0.4122517233397286
GO:0019370;0.29187751349350416;0.0;0.0;0.0;0.3965440361776237;0.35538092045577657;0.34079950836540107;0.0;0.0;0.3185519013942973;0.4077925161329343;0.2750478485085872;0.286453979510954;0.0;0.0;0.0;0.0;0.2750478485085872;0.0;0.0;0.37223794019896445;0.2750478485085872;0.0;0.0;0.0;0.2750478485085872;0.2750478485085872;0.2750478485085872;0.2750478485085872;0.0;0.21544161831826303;0.3744588383352349;0.0;0.30859333103651976;0.0;0.0;0.44591774389432254;0.31725342514547034;0.26538486717665327;0.3652136538855796;0.41768543596724245;0.0;0.0;0.0;0.4492027542627097;0.0;0.0;0.0;0.2750478485085872;0.2750478485085872;0.38734253165083715;0.2750478485085872;0.0;0.2750478485085872;0.2750478485085872;0.0;0.36728239072190644;0.2750478485085872;0.0;0.0;0.0;0.0;0.0;0.24224417287992372;0.0;0.3270981480613466;0.526393995518351;0.3195675633844273;0.0;0.542178245415234;0.29187751349350416;0.2750478485085872;0.38264753464860096;0.0;0.0;0.0;0.2750478485085872;0.2750478485085872;0.2750478485085872;0.0;0.0;0.0;0.3474776261971051;0.3801983754098877;0.0;0.41664638786180436;0.0;0.3051863328421761;0.3017222364093804;1.0;0.675453357381331;0.0;0.0;0.0;0.2894910157119107;0.3081614323820605
GO:0019372;0.2946779048740996;0.0;0.0;0.0;0.39934442755821914;0.36926225659204376;0.34359989974599653;0.0;0.0;0.3213522927748928;0.41362408813743395;0.27784823988918267;0.26962431452603713;0.0;0.0;0.0;0.0;0.27784823988918267;0.0;0.0;0.3902605939074757;0.27784823988918267;0.0;0.0;0.0;0.27784823988918267;0.27784823988918267;0.27784823988918267;0.27784823988918267;0.0;0.19861195333334608;0.3772592297158304;0.0;0.32099719692838286;0.0;0.0;0.47111289579898197;0.3296572910373335;0.27656875053244856;0.36801404526617504;0.6149274467329606;0.0;0.0;0.0;0.47737300570725355;0.0;0.0;0.0;0.27784823988918267;0.27784823988918267;0.39014292303143266;0.27784823988918267;0.0;0.27784823988918267;0.27784823988918267;0.0;0.39247754262656587;0.27784823988918267;0.0;0.0;0.0;0.0;0.0;0.22541450789500678;0.0;0.3395020139532097;0.6090837239396882;0.3319714292762905;0.0;0.6339609586999098;0.2946779048740996;0.27784823988918267;0.39652887078486815;0.0;0.0;0.0;0.27784823988918267;0.27784823988918267;0.27784823988918267;0.0;0.0;0.0;0.3756478776416489;0.3829987667904832;0.0;0.4194467792423998;0.0;0.32618408609057176;0.3045226277899759;0.675453357381331;1.0;0.0;0.0;0.0;0.27266135072699377;0.32618408609057176
GO:0043066;0.0;0.4345553635118412;0.0;0.453729908371559;0.5066574894084926;0.0;0.43128290523075763;0.5052041359635379;0.0;0.3917203614242587;0.0;0.34821630853854857;0.0;0.0;0.4044857216158471;0.3577935731524367;0.35940195764607347;0.34821630853854857;0.4209529104644031;0.37489069643934175;0.42960775319084765;0.36553124537394377;0.4420255774313601;0.0;0.34821630853854857;0.34821630853854857;0.34821630853854857;0.34821630853854857;0.0;0.34821630853854857;0.0;0.0;0.5153617178234355;0.0;0.3700349905478714;0.37659409876735134;0.0;0.0;0.0;0.0;0.0;0.4085500264091756;0.3495572347301972;0.380993461949611;0.0;0.0;0.0;0.0;0.0;0.36553124537394377;0.4974559848817061;0.34821630853854857;0.41839474932505183;0.0;0.0;0.0;0.0;0.0;0.35940195764607347;0.44154030558088186;0.3799744125772673;0.39888471242749146;0.4486119990902812;0.2972983886220169;0.4064373837184431;0.0;0.0;0.0;0.0;0.0;0.4420255774313601;0.0;0.0;0.34821630853854857;0.36504597352346546;0.506046560443308;0.0;0.4942897603630328;0.0;0.4868864298050608;0.3330900458816412;0.5042195741642581;0.0;0.45336683543984907;0.3799744125772673;0.5267598410926733;0.4736034344953087;0.0;0.0;0.0;0.0;1.0;0.31871630119641603;0.7843397249770019;0.0;0.0
GO:0010848;0.0;0.2118481364286336;0.0;0.3179429296351073;0.360728072032794;0.0;0.2894948054273031;0.36341603616008333;0.0;0.2532359299073351;0.0;0.209731877021625;0.0;0.0;0.26600129009892354;0.22425102048386109;0.22361497890962173;0.209731877021625;0.2824684789474795;0.23640626492241817;0.2878196533873931;0.22374314557048924;0.21377025599374544;0.0;0.209731877021625;0.209731877021625;0.209731877021625;0.209731877021625;0.0;0.209731877021625;0.0;0.0;0.2871063963858209;0.0;0.2364924378792958;0.2408071200308996;0.0;0.0;0.0;0.0;0.0;0.270065594892252;0.21377025599374544;0.24745090928103536;0.0;0.0;0.0;0.0;0.0;0.22374314557048924;0.35152656750600747;0.209731877021625;0.27991031780812825;0.0;0.0;0.0;0.0;0.0;0.22361497890962173;0.21883307849767425;0.24418743384081554;0.26723905126328396;0.3128250203538295;0.1637558359534413;0.3846622408247484;0.0;0.0;0.0;0.0;0.0;0.22656154200654188;0.0;0.0;0.209731877021625;0.22656154200654188;0.2833393333601003;0.0;0.25654682119915273;0.0;0.34095701242936216;0.19730306714518947;0.3624314743608036;0.0;0.3148824039229255;0.4238508627137169;0.3808304237169746;0.33781645575885694;0.0;0.0;0.0;0.0;0.31871630119641603;1.0;0.3200434115092309;0.0;0.0
GO:0043065;0.0;0.34671779941002406;0.0;0.5305546088233233;0.5079845997213075;0.0;0.4326100155435725;0.6088313909769628;0.0;0.39304747173707355;0.0;0.40955227019704454;0.0;0.0;0.4996664810940527;0.35912068346525156;0.4535415949332329;0.3899848859672906;0.5192338653238067;0.47317165129874533;0.4309348635036625;0.3668583556867586;0.350884345043012;0.0;0.40955227019704454;0.3495434188513634;0.3495434188513634;0.3899848859672906;0.0;0.44649726339795215;0.0;0.0;0.4242204854350875;0.0;0.3713621008606863;0.3779212090801662;0.0;0.0;0.0;0.0;0.0;0.40987713672199044;0.44369687201735664;0.4718294309502395;0.0;0.0;0.0;0.0;0.0;0.3668583556867586;0.49878309519452096;0.3495434188513634;0.4197218596378667;0.0;0.0;0.0;0.0;0.0;0.3607290679588883;0.3537027414790647;0.47411404986442673;0.48702322864764813;0.5396514409962427;0.29862549893483176;0.5047183385778466;0.0;0.0;0.0;0.0;0.0;0.3663730838362803;0.0;0.0;0.44649726339795215;0.46332692838286904;0.4182089963414908;0.0;0.4691585003873687;0.0;0.48821354011787566;0.33441715619445606;0.505546684477073;0.0;0.4546939457526639;0.47411404986442673;0.5280869514054881;0.4749305448081235;0.0;0.0;0.0;0.0;0.7843397249770019;0.3200434115092309;1.0;0.0;0.0
GO:0031122;0.5536946304974;0.0;0.0;0.0;0.4792253969563664;0.3218435808955922;0.4234808691441438;0.0;0.0;0.40123326217304006;0.28863536137074036;0.4821571686089228;0.3468564365506349;0.0;0.0;0.0;0.0;0.35772920928732993;0.0;0.0;0.4218057171042338;0.35772920928732993;0.0;0.0;0.0;0.35772920928732993;0.35772920928732993;0.35772920928732993;0.5368649655124831;0.0;0.27132042453534516;0.43033764455231704;0.0;0.30307852857406387;0.0;0.0;0.4531942274446629;0.3117386226830145;0.2586500821781295;0.4478950146643223;0.4177894213214347;0.0;0.0;0.0;0.0;0.0;0.0;0.0;0.44935349298025934;0.35772920928732993;0.47002389242957987;0.35772920928732993;0.0;0.33092665472566934;0.33092665472566934;0.0;0.34775631971058624;0.33092665472566934;0.0;0.0;0.0;0.0;0.0;0.44935349298025934;0.0;0.32158334559889074;0.3498247335825377;0.31405276092197143;0.0;0.3218094194900959;0.3745588742722468;0.33092665472566934;0.37861020243054916;0.0;0.0;0.0;0.35772920928732993;0.35772920928732993;0.35772920928732993;0.0;0.0;0.0;0.33092665472566934;0.46287973618863043;0.0;0.499327748640547;0.0;0.6861184440869668;0.35760104262646253;0.2894910157119107;0.27266135072699377;0.0;0.0;0.0;1.0;0.4821571686089228
GO:0036413;0.4940312841167817;0.0;0.0;0.0;0.5070735231079719;0.3795900813161621;0.45132899529574927;0.0;0.0;0.42908138832464554;0.35917314780410675;0.584472835391554;0.3419008870735769;0.0;0.0;0.0;0.0;0.3855773354389354;0.0;0.0;0.5719784227330507;0.3855773354389354;0.0;0.0;0.0;0.3855773354389354;0.3855773354389354;0.3855773354389354;0.4772016191318648;0.0;0.2610185749042658;0.4849883252655831;0.0;0.4776119015946538;0.0;0.0;0.6033669330734798;0.46191132831183135;0.4245334867581671;0.4757431408159278;0.46834221624191397;0.0;0.0;0.0;0.5974052944614531;0.0;0.0;0.0;0.4772016191318648;0.3855773354389354;0.49787201858118535;0.3855773354389354;0.0;0.3855773354389354;0.3855773354389354;0.0;0.4779003363342767;0.3855773354389354;0.0;0.0;0.0;0.0;0.0;0.43491032577693584;0.0;0.49611671861948065;0.3684951502526875;0.48858613394256134;0.0;0.3598434160604056;0.4024070004238523;0.3855773354389354;0.5400967238277583;0.0;0.0;0.0;0.3855773354389354;0.3855773354389354;0.3855773354389354;0.0;0.0;0.0;0.49568016639584844;0.4907278623402359;0.0;0.5271758747921524;0.0;0.45338887304091946;0.4122517233397286;0.3081614323820605;0.32618408609057176;0.0;0.0;0.0;0.4821571686089228;1.0
